elapsed, window, total, successful, failed
10.000372, 10.000372, 797, 797, 0
20.001236, 10.000864, 844, 841, 3
30.001426, 10.00019, 704, 679, 25
40.001445, 10.000019, 912, 891, 21
50.001249, 9.999804, 909, 890, 19
60.001271, 10.000022, 953, 927, 26
70.001396, 10.000125, 719, 696, 23
80.001455, 10.000059, 908, 890, 18
90.001526, 10.000071, 828, 811, 17
100.001361, 9.999835, 857, 837, 20
110.001227, 9.999866, 720, 706, 14
120.001348, 10.000121, 716, 698, 18
130.001557, 10.000209, 791, 770, 21
140.001391, 9.999834, 800, 778, 22
150.001217, 9.999826, 777, 756, 21
160.00138, 10.000163, 867, 845, 22
170.001365, 9.999985, 890, 867, 23
180.00146, 10.000095, 960, 930, 30
190.001332, 9.999872, 792, 774, 18
200.001353, 10.000021, 832, 813, 19
210.001455, 10.000102, 898, 874, 24
220.001276, 9.999821, 1022, 992, 30
230.00129, 10.000014, 852, 837, 15
240.001682, 10.000392, 926, 902, 24
250.001271, 9.999589, 857, 839, 18
260.001303, 10.000032, 803, 783, 20
270.001251, 9.999948, 711, 694, 17
280.001744, 10.000493, 872, 859, 13
290.001324, 9.99958, 797, 771, 26
300.001393, 10.000069, 939, 919, 20
310.001321, 9.999928, 878, 862, 16
320.001368, 10.000047, 969, 948, 21
330.001976, 10.000608, 986, 963, 23
340.001397, 9.999421, 905, 885, 20
350.001262, 9.999865, 807, 781, 26
360.001332, 10.00007, 865, 836, 29
370.001768, 10.000436, 756, 733, 23
380.001587, 9.999819, 682, 667, 15
390.001361, 9.999774, 777, 756, 21
400.001288, 9.999927, 723, 712, 11
410.001283, 9.999995, 877, 862, 15
420.001225, 9.999942, 874, 860, 14
430.001246, 10.000021, 850, 824, 26
440.008397, 10.007151, 713, 695, 18
450.001339, 9.992942, 873, 851, 22
460.001382, 10.000043, 771, 750, 21
470.001395, 10.000013, 838, 806, 32
480.001319, 9.999924, 917, 890, 27
490.001269, 9.99995, 994, 978, 16
500.001328, 10.000059, 898, 873, 25
510.003241, 10.001913, 923, 904, 19
520.002009, 9.998768, 837, 814, 23
530.001392, 9.999383, 655, 635, 20
540.001274, 9.999882, 715, 696, 19
550.001232, 9.999958, 703, 686, 17
560.001844, 10.000612, 759, 742, 17
570.001822, 9.999978, 726, 716, 10
580.001531, 9.999709, 698, 683, 15
590.001222, 9.999691, 792, 770, 22
600.001254, 10.000032, 723, 715, 8
610.001288, 10.000034, 811, 793, 18
620.001431, 10.000143, 800, 788, 12
630.001374, 9.999943, 520, 502, 18
640.001399, 10.000025, 759, 742, 17
650.001269, 9.99987, 812, 802, 10
660.002171, 10.000902, 894, 868, 26
670.002163, 9.999992, 679, 660, 19
680.000205, 9.998042, 817, 790, 27
690.001458, 10.001253, 802, 782, 20
700.001511, 10.000053, 678, 656, 22
710.001652, 10.000141, 684, 666, 18
720.001226, 9.999574, 840, 825, 15
730.001291, 10.000065, 930, 913, 17
740.001262, 9.999971, 790, 769, 21
750.001591, 10.000329, 876, 854, 22
760.001337, 9.999746, 848, 823, 25
770.001924, 10.000587, 877, 846, 31
780.001735, 9.999811, 956, 936, 20
790.001375, 9.99964, 817, 794, 23
800.001323, 9.999948, 730, 706, 24
810.001302, 9.999979, 861, 843, 18
820.001693, 10.000391, 756, 730, 26
830.001395, 9.999702, 864, 844, 20
840.001227, 9.999832, 734, 715, 19
850.001481, 10.000254, 736, 720, 16
860.001221, 9.99974, 678, 658, 20
870.001266, 10.000045, 536, 524, 12
880.001326, 10.00006, 630, 620, 10
890.001459, 10.000133, 898, 883, 15
900.001347, 9.999888, 868, 856, 12
910.001476, 10.000129, 830, 809, 21
920.001219, 9.999743, 867, 834, 33
930.001261, 10.000042, 628, 614, 14
940.001269, 10.000008, 686, 671, 15
950.001791, 10.000522, 909, 893, 16
960.001307, 9.999516, 927, 908, 19
970.001444, 10.000137, 761, 738, 23
980.001949, 10.000505, 884, 864, 20
990.001285, 9.999336, 797, 775, 22
1000.001428, 10.000143, 835, 815, 20
1010.001353, 9.999925, 809, 784, 25
1020.001461, 10.000108, 865, 841, 24
1030.001271, 9.99981, 942, 921, 21
1040.001308, 10.000037, 862, 841, 21
1050.001258, 9.99995, 719, 696, 23
1060.001562, 10.000304, 797, 779, 18
1070.00127, 9.999708, 813, 791, 22
1080.001266, 9.999996, 884, 864, 20
1090.001326, 10.00006, 783, 765, 18
1100.001538, 10.000212, 920, 899, 21
1110.0015, 9.999962, 810, 791, 19
1120.001214, 9.999714, 792, 761, 31
1130.00122, 10.000006, 873, 851, 22
1140.001582, 10.000362, 826, 806, 20
1150.001248, 9.999666, 715, 698, 17
1160.001283, 10.000035, 741, 731, 10
1170.001219, 9.999936, 866, 844, 22
1180.001271, 10.000052, 753, 727, 26
1190.001272, 10.000001, 918, 892, 26
1200.001275, 10.000003, 785, 765, 20
1210.001433, 10.000158, 720, 695, 25
1220.001453, 10.00002, 914, 893, 21
1230.00126, 9.999807, 783, 760, 23
1240.001235, 9.999975, 820, 794, 26
1250.001467, 10.000232, 664, 650, 14
1260.001367, 9.9999, 591, 574, 17
1270.001372, 10.000005, 750, 737, 13
1280.002979, 10.001607, 599, 585, 14
1290.001907, 9.998928, 738, 722, 16
1300.001461, 9.999554, 834, 813, 21
1310.007767, 10.006306, 800, 775, 25
1320.00135, 9.993583, 861, 840, 21
1330.001325, 9.999975, 720, 697, 23
1340.001265, 9.99994, 743, 723, 20
1350.001254, 9.999989, 717, 695, 22
1360.003801, 10.002547, 722, 708, 14
1370.001275, 9.997474, 740, 727, 13
1380.001373, 10.000098, 754, 734, 20
1390.001436, 10.000063, 778, 765, 13
1400.001465, 10.000029, 739, 711, 28
1410.001474, 10.000009, 784, 765, 19
1420.001282, 9.999808, 880, 863, 17
1430.001723, 10.000441, 794, 780, 14
1440.001228, 9.999505, 725, 710, 15
1450.001331, 10.000103, 869, 850, 19
1460.001343, 10.000012, 827, 807, 20
1470.001672, 10.000329, 851, 832, 19
1480.001394, 9.999722, 872, 854, 18
1490.003847, 10.002453, 820, 791, 29
1500.001246, 9.997399, 690, 679, 11
1510.00149, 10.000244, 725, 711, 14
1520.001244, 9.999754, 689, 680, 9
1530.002718, 10.001474, 702, 682, 20
1540.001561, 9.998843, 771, 756, 15
1550.001283, 9.999722, 796, 780, 16
1560.001576, 10.000293, 897, 877, 20
1570.001297, 9.999721, 903, 884, 19
1580.001923, 10.000626, 757, 740, 17
1590.001363, 9.99944, 884, 863, 21
1600.001284, 9.999921, 593, 580, 13
1610.001249, 9.999965, 823, 806, 17
1620.002697, 10.001448, 765, 752, 13
1630.001251, 9.998554, 913, 893, 20
1640.001439, 10.000188, 783, 763, 20
1650.00142, 9.999981, 697, 681, 16
1660.001535, 10.000115, 779, 756, 23
1670.001263, 9.999728, 874, 845, 29
1680.001333, 10.00007, 607, 594, 13
1690.001379, 10.000046, 839, 829, 10
1700.001448, 10.000069, 602, 589, 13
1710.001233, 9.999785, 594, 577, 17
1720.001288, 10.000055, 723, 709, 14
1730.001327, 10.000039, 760, 749, 11
1740.001435, 10.000108, 731, 709, 22
1750.001806, 10.000371, 844, 829, 15
1760.001382, 9.999576, 851, 828, 23
1770.002853, 10.001471, 817, 796, 21
1780.001533, 9.99868, 867, 851, 16
1790.001218, 9.999685, 794, 775, 19
1800.001706, 10.000488, 882, 858, 24
1810.001228, 9.999522, 607, 588, 19
1820.00131, 10.000082, 839, 821, 18
1830.00162, 10.00031, 861, 854, 7
1840.001985, 10.000365, 755, 729, 26
1850.001362, 9.999377, 651, 631, 20
1860.001298, 9.999936, 678, 664, 14
1870.001504, 10.000206, 728, 713, 15
1880.001237, 9.999733, 866, 847, 19
1890.002907, 10.00167, 725, 705, 20
1900.001247, 9.99834, 880, 858, 22
1910.001342, 10.000095, 694, 675, 19
1920.001246, 9.999904, 811, 797, 14
1930.002525, 10.001279, 814, 796, 18
1940.001268, 9.998743, 787, 766, 21
1950.001321, 10.000053, 908, 881, 27
1960.00127, 9.999949, 761, 740, 21
1970.001415, 10.000145, 934, 912, 22
1980.001262, 9.999847, 793, 776, 17
1990.001272, 10.00001, 680, 657, 23
2000.001287, 10.000015, 701, 687, 14
2010.00124, 9.999953, 895, 881, 14
2020.001343, 10.000103, 837, 822, 15
2030.001445, 10.000102, 789, 763, 26
2040.001528, 10.000083, 995, 973, 22
2050.001364, 9.999836, 750, 733, 17
2060.001424, 10.00006, 807, 787, 20
2070.001575, 10.000151, 918, 889, 29
2080.00144, 9.999865, 664, 646, 18
2090.001415, 9.999975, 757, 736, 21
2100.001258, 9.999843, 704, 696, 8
2110.001266, 10.000008, 798, 781, 17
2120.001234, 9.999968, 706, 689, 17
2130.001278, 10.000044, 749, 733, 16
2140.001498, 10.00022, 621, 601, 20
2150.001462, 9.999964, 676, 661, 15
2160.001308, 9.999846, 615, 599, 16
2170.001251, 9.999943, 827, 811, 16
2180.001445, 10.000194, 774, 755, 19
2190.001397, 9.999952, 824, 798, 26
2200.001818, 10.000421, 689, 671, 18
2210.002051, 10.000233, 807, 785, 22
2220.001449, 9.999398, 668, 647, 21
2230.001247, 9.999798, 811, 797, 14
2240.001485, 10.000238, 759, 744, 15
2250.001291, 9.999806, 573, 557, 16
2260.001583, 10.000292, 795, 780, 15
2270.002495, 10.000912, 683, 673, 10
2280.006594, 10.004099, 775, 762, 13
2290.001377, 9.994783, 732, 704, 28
2300.001322, 9.999945, 751, 728, 23
2310.001396, 10.000074, 762, 752, 10
2320.001439, 10.000043, 876, 859, 17
2330.001436, 9.999997, 815, 790, 25
2340.001261, 9.999825, 893, 864, 29
2350.001442, 10.000181, 842, 814, 28
2360.003365, 10.001923, 787, 761, 26
2370.002794, 9.999429, 646, 633, 13
2380.001286, 9.998492, 757, 739, 18
2390.001508, 10.000222, 818, 801, 17
2400.001225, 9.999717, 778, 765, 13
2410.008271, 10.007046, 734, 726, 8
2420.001347, 9.993076, 772, 758, 14
2430.001277, 9.99993, 919, 897, 22
2440.001372, 10.000095, 806, 792, 14
2450.001606, 10.000234, 750, 726, 24
2460.00128, 9.999674, 732, 720, 12
2470.00126, 9.99998, 779, 761, 18
2480.001708, 10.000448, 753, 734, 19
2490.001733, 10.000025, 788, 762, 26
2500.001357, 9.999624, 575, 563, 12
2510.00127, 9.999913, 609, 595, 14
2520.001313, 10.000043, 853, 844, 9
2530.001333, 10.00002, 750, 731, 19
2540.00138, 10.000047, 846, 832, 14
2550.00129, 9.99991, 790, 771, 19
2560.001261, 9.999971, 830, 799, 31
2570.001323, 10.000062, 791, 777, 14
2580.002871, 10.001548, 831, 811, 20
2590.001249, 9.998378, 867, 848, 19
2600.001221, 9.999972, 827, 806, 21
2610.002467, 10.001246, 540, 524, 16
2620.00397, 10.001503, 810, 791, 19
2630.002689, 9.998719, 905, 881, 24
2640.00122, 9.998531, 824, 813, 11
2650.001359, 10.000139, 742, 722, 20
2660.002185, 10.000826, 752, 738, 14
2670.001212, 9.999027, 730, 716, 14
2680.001465, 10.000253, 883, 864, 19
2690.001363, 9.999898, 752, 736, 16
2700.00138, 10.000017, 621, 607, 14
2710.001445, 10.000065, 806, 794, 12
2720.001432, 9.999987, 658, 634, 24
2730.001261, 9.999829, 831, 806, 25
2740.001238, 9.999977, 697, 682, 15
2750.003997, 10.002759, 796, 782, 14
2760.001264, 9.997267, 699, 677, 22
2770.001418, 10.000154, 870, 851, 19
2780.002723, 10.001305, 762, 743, 19
2790.00151, 9.998787, 637, 615, 22
2800.001591, 10.000081, 743, 726, 17
2810.001896, 10.000305, 754, 741, 13
2820.001484, 9.999588, 731, 707, 24
2830.001427, 9.999943, 799, 781, 18
2840.001361, 9.999934, 795, 778, 17
2850.001249, 9.999888, 825, 807, 18
2860.001636, 10.000387, 769, 760, 9
2870.002221, 10.000585, 750, 736, 14
2880.001313, 9.999092, 753, 732, 21
2890.001436, 10.000123, 755, 739, 16
2900.001279, 9.999843, 856, 842, 14
2910.001219, 9.99994, 687, 668, 19
2920.001272, 10.000053, 714, 696, 18
2930.001245, 9.999973, 592, 580, 12
2940.001226, 9.999981, 724, 714, 10
2950.001252, 10.000026, 757, 745, 12
2960.001387, 10.000135, 645, 624, 21
2970.001477, 10.00009, 682, 668, 14
2980.001382, 9.999905, 861, 849, 12
2990.001221, 9.999839, 638, 621, 17
3000.001268, 10.000047, 713, 702, 11
3010.001247, 9.999979, 634, 620, 14
3020.001311, 10.000064, 683, 665, 18
3030.001252, 9.999941, 789, 779, 10
3040.001282, 10.00003, 829, 804, 25
3050.001597, 10.000315, 786, 765, 21
3060.001276, 9.999679, 574, 551, 23
3070.001292, 10.000016, 852, 839, 13
3080.00155, 10.000258, 551, 536, 15
3090.001235, 9.999685, 602, 588, 14
3100.001294, 10.000059, 684, 670, 14
3110.001291, 9.999997, 781, 770, 11
3120.001273, 9.999982, 516, 498, 18
3130.001453, 10.00018, 690, 681, 9
3140.001314, 9.999861, 789, 769, 20
3150.001273, 9.999959, 714, 701, 13
3160.001243, 9.99997, 523, 515, 8
3170.00126, 10.000017, 701, 684, 17
3180.001337, 10.000077, 634, 625, 9
3190.001266, 9.999929, 677, 662, 15
3200.001268, 10.000002, 728, 716, 12
3210.001382, 10.000114, 708, 694, 14
3220.001422, 10.00004, 692, 669, 23
3230.00127, 9.999848, 875, 859, 16
3240.001311, 10.000041, 802, 783, 19
3250.001453, 10.000142, 754, 738, 16
3260.001372, 9.999919, 813, 788, 25
3270.001279, 9.999907, 711, 692, 19
3280.004943, 10.003664, 870, 851, 19
3290.001255, 9.996312, 778, 763, 15
3300.001783, 10.000528, 739, 724, 15
3310.001272, 9.999489, 685, 665, 20
3320.001222, 9.99995, 825, 813, 12
3330.001404, 10.000182, 648, 633, 15
3340.001297, 9.999893, 730, 711, 19
3350.001244, 9.999947, 722, 708, 14
3360.001534, 10.00029, 964, 945, 19
3370.001275, 9.999741, 805, 780, 25
3380.001339, 10.000064, 635, 607, 28
3390.001319, 9.99998, 750, 735, 15
3400.001261, 9.999942, 690, 678, 12
3410.001659, 10.000398, 756, 737, 19
3420.001326, 9.999667, 820, 811, 9
3430.001424, 10.000098, 777, 762, 15
3440.001265, 9.999841, 847, 829, 18
3450.001283, 10.000018, 740, 722, 18
3460.001308, 10.000025, 755, 733, 22
3470.001258, 9.99995, 776, 762, 14
3480.001444, 10.000186, 766, 749, 17
3490.001686, 10.000242, 848, 824, 24
3500.001719, 10.000033, 600, 583, 17
3510.001271, 9.999552, 735, 721, 14
3520.001805, 10.000534, 873, 857, 16
3530.001312, 9.999507, 757, 742, 15
3540.001514, 10.000202, 635, 620, 15
3550.001407, 9.999893, 706, 692, 14
3560.001445, 10.000038, 582, 566, 16
3570.001218, 9.999773, 702, 686, 16
3580.002566, 10.001348, 759, 742, 17
3590.001332, 9.998766, 662, 647, 15
3600.001297, 9.999965, 752, 732, 20
3610.001266, 9.999969, 504, 484, 20
3620.002025, 10.000759, 775, 768, 7
3630.002081, 10.000056, 784, 765, 19
3640.00024, 9.998159, 764, 735, 29
3650.001549, 10.001309, 826, 804, 22
3660.001408, 9.999859, 825, 804, 21
3670.001454, 10.000046, 836, 824, 12
3680.001342, 9.999888, 557, 535, 22
3690.001306, 9.999964, 823, 807, 16
3700.001276, 9.99997, 753, 738, 15
3710.001219, 9.999943, 758, 737, 21
3720.001388, 10.000169, 704, 682, 22
3730.001388, 10.0, 913, 902, 11
3740.001527, 10.000139, 653, 636, 17
3750.001279, 9.999752, 782, 763, 19
3760.001229, 9.99995, 632, 617, 15
3770.001236, 10.000007, 844, 821, 23
3780.001244, 10.000008, 681, 668, 13
3790.001654, 10.00041, 651, 638, 13
3800.001289, 9.999635, 672, 659, 13
3810.001449, 10.00016, 761, 746, 15
3820.001261, 9.999812, 686, 673, 13
3830.001286, 10.000025, 686, 675, 11
3840.001295, 10.000009, 714, 699, 15
3850.001233, 9.999938, 661, 647, 14
3860.001294, 10.000061, 764, 749, 15
3870.001283, 9.999989, 652, 635, 17
3880.001313, 10.00003, 776, 759, 17
3890.001355, 10.000042, 684, 665, 19
3900.001282, 9.999927, 717, 700, 17
3910.001526, 10.000244, 710, 695, 15
3920.001283, 9.999757, 771, 750, 21
3930.001487, 10.000204, 706, 693, 13
3940.00265, 10.001163, 678, 662, 16
3950.001238, 9.998588, 757, 743, 14
3960.001268, 10.00003, 777, 761, 16
3970.001259, 9.999991, 723, 709, 14
3980.010843, 10.009584, 706, 685, 21
3990.00126, 9.990417, 710, 701, 9
4000.001282, 10.000022, 704, 694, 10
4010.00137, 10.000088, 725, 713, 12
4020.001445, 10.000075, 722, 699, 23
4030.001246, 9.999801, 716, 702, 14
4040.00138, 10.000134, 820, 805, 15
4050.001422, 10.000042, 777, 760, 17
4060.002399, 10.000977, 853, 830, 23
4070.001336, 9.998937, 741, 724, 17
4080.001427, 10.000091, 719, 701, 18
4090.002229, 10.000802, 664, 653, 11
4100.001275, 9.999046, 747, 729, 18
4110.002849, 10.001574, 808, 790, 18
4120.001414, 9.998565, 749, 730, 19
4130.00136, 9.999946, 857, 835, 22
4140.001502, 10.000142, 790, 772, 18
4150.005413, 10.003911, 875, 863, 12
4160.001352, 9.995939, 796, 775, 21
4170.0016, 10.000248, 760, 743, 17
4180.001767, 10.000167, 790, 778, 12
4190.001372, 9.999605, 884, 866, 18
4200.001308, 9.999936, 764, 742, 22
4210.001289, 9.999981, 680, 666, 14
4220.00126, 9.999971, 818, 798, 20
4230.001351, 10.000091, 816, 795, 21
4240.002253, 10.000902, 904, 873, 31
4250.001227, 9.998974, 602, 585, 17
4260.001323, 10.000096, 601, 584, 17
4270.001685, 10.000362, 835, 815, 20
4280.001245, 9.99956, 583, 569, 14
4290.001246, 10.000001, 890, 866, 24
4300.001329, 10.000083, 495, 484, 11
4310.001377, 10.000048, 658, 640, 18
4320.001238, 9.999861, 578, 565, 13
4330.001283, 10.000045, 608, 593, 15
4340.001237, 9.999954, 710, 687, 23
4350.001266, 10.000029, 710, 697, 13
4360.001765, 10.000499, 509, 491, 18
4370.001458, 9.999693, 689, 680, 9
4380.006575, 10.005117, 664, 648, 16
4390.001239, 9.994664, 776, 754, 22
4400.001292, 10.000053, 684, 666, 18
4410.001318, 10.000026, 841, 827, 14
4420.001266, 9.999948, 529, 508, 21
4430.001211, 9.999945, 379, 370, 9
4440.001266, 10.000055, 596, 586, 10
4450.001317, 10.000051, 647, 637, 10
4460.001266, 9.999949, 655, 644, 11
4470.001269, 10.000003, 704, 691, 13
4480.003122, 10.001853, 674, 653, 21
4490.000252, 9.99713, 576, 564, 12
4500.001548, 10.001296, 683, 670, 13
4510.001247, 9.999699, 751, 735, 16
4520.001296, 10.000049, 565, 552, 13
4530.001268, 9.999972, 662, 648, 14
4540.001539, 10.000271, 809, 794, 15
4550.001262, 9.999723, 604, 590, 14
4560.001323, 10.000061, 766, 748, 18
4570.001269, 9.999946, 724, 714, 10
4580.00137, 10.000101, 734, 714, 20
4590.001312, 9.999942, 627, 615, 12
4600.001463, 10.000151, 673, 659, 14
4610.001307, 9.999844, 647, 637, 10
4620.001248, 9.999941, 808, 788, 20
4630.001369, 10.000121, 744, 726, 18
4640.001301, 9.999932, 694, 682, 12
4650.001263, 9.999962, 621, 605, 16
4660.001462, 10.000199, 793, 770, 23
4670.001317, 9.999855, 716, 702, 14
4680.001244, 9.999927, 588, 576, 12
4690.001405, 10.000161, 598, 587, 11
4700.001356, 9.999951, 839, 825, 14
4710.001526, 10.00017, 735, 719, 16
4720.001326, 9.9998, 664, 645, 19
4730.001494, 10.000168, 742, 730, 12
4740.001316, 9.999822, 564, 544, 20
4750.00139, 10.000074, 653, 634, 19
4760.001426, 10.000036, 529, 515, 14
4770.001243, 9.999817, 661, 651, 10
4780.001259, 10.000016, 664, 657, 7
4790.001678, 10.000419, 624, 610, 14
4800.001477, 9.999799, 721, 705, 16
4810.001268, 9.999791, 773, 752, 21
4820.001391, 10.000123, 739, 724, 15
4830.001258, 9.999867, 844, 826, 18
4840.001225, 9.999967, 831, 811, 20
4850.003214, 10.001989, 697, 678, 19
4860.001407, 9.998193, 920, 905, 15
4870.001717, 10.00031, 594, 579, 15
4880.001264, 9.999547, 665, 654, 11
4890.001335, 10.000071, 778, 770, 8
4900.002108, 10.000773, 641, 626, 15
4910.000309, 9.998201, 675, 661, 14
4920.001245, 10.000936, 667, 654, 13
4930.001336, 10.000091, 664, 651, 13
4940.001554, 10.000218, 820, 801, 19
4950.001315, 9.999761, 684, 659, 25
4960.001318, 10.000003, 654, 638, 16
4970.001266, 9.999948, 838, 830, 8
4980.001225, 9.999959, 781, 756, 25
4990.001266, 10.000041, 523, 504, 19
5000.001244, 9.999978, 658, 646, 12
5010.001348, 10.000104, 554, 541, 13
5020.00127, 9.999922, 686, 678, 8
5030.00123, 9.99996, 753, 746, 7
5040.010613, 10.009383, 668, 652, 16
5050.001429, 9.990816, 568, 554, 14
5060.001264, 9.999835, 600, 586, 14
5070.003881, 10.002617, 733, 714, 19
5080.0015, 9.997619, 696, 686, 10
5090.001261, 9.999761, 725, 708, 17
5100.001223, 9.999962, 586, 576, 10
5110.001598, 10.000375, 694, 681, 13
5120.001264, 9.999666, 663, 654, 9
5130.001829, 10.000565, 729, 708, 21
5140.001424, 9.999595, 785, 772, 13
5150.001419, 9.999995, 793, 777, 16
5160.002439, 10.00102, 716, 699, 17
5170.00127, 9.998831, 610, 597, 13
5180.001267, 9.999997, 684, 672, 12
5190.001732, 10.000465, 756, 750, 6
5200.001249, 9.999517, 750, 731, 19
5210.001591, 10.000342, 912, 890, 22
5220.001266, 9.999675, 681, 665, 16
5230.001544, 10.000278, 613, 599, 14
5240.001431, 9.999887, 843, 833, 10
5250.002572, 10.001141, 631, 612, 19
5260.001364, 9.998792, 641, 625, 16
5270.001461, 10.000097, 480, 469, 11
5280.001253, 9.999792, 636, 626, 10
5290.001245, 9.999992, 590, 579, 11
5300.001691, 10.000446, 780, 767, 13
5310.001331, 9.99964, 714, 701, 13
5320.001223, 9.999892, 617, 603, 14
5330.001374, 10.000151, 637, 628, 9
5340.001225, 9.999851, 694, 684, 10
5350.001252, 10.000027, 566, 551, 15
5360.001352, 10.0001, 619, 607, 12
5370.00122, 9.999868, 812, 798, 14
5380.001403, 10.000183, 767, 747, 20
5390.001406, 10.000003, 810, 793, 17
5400.001276, 9.99987, 781, 761, 20
5410.001216, 9.99994, 614, 592, 22
5420.001231, 10.000015, 732, 713, 19
5430.001235, 10.000004, 667, 652, 15
5440.00132, 10.000085, 806, 794, 12
5450.001246, 9.999926, 812, 803, 9
5460.003353, 10.002107, 570, 557, 13
5470.001296, 9.997943, 756, 747, 9
5480.001599, 10.000303, 634, 611, 23
5490.001266, 9.999667, 851, 833, 18
5500.001237, 9.999971, 672, 649, 23
5510.001324, 10.000087, 825, 809, 16
5520.001263, 9.999939, 546, 531, 15
5530.001302, 10.000039, 747, 735, 12
5540.001278, 9.999976, 693, 676, 17
5550.001244, 9.999966, 605, 591, 14
5560.001338, 10.000094, 576, 563, 13
5570.001248, 9.99991, 831, 812, 19
5580.001302, 10.000054, 656, 636, 20
5590.001243, 9.999941, 594, 580, 14
5600.001377, 10.000134, 673, 664, 9
5610.001419, 10.000042, 726, 709, 17
5620.001284, 9.999865, 810, 793, 17
5630.001813, 10.000529, 749, 740, 9
5640.004715, 10.002902, 696, 683, 13
5650.001328, 9.996613, 668, 656, 12
5660.001267, 9.999939, 705, 690, 15
5670.001353, 10.000086, 611, 600, 11
5680.001278, 9.999925, 760, 743, 17
5690.00127, 9.999992, 635, 619, 16
5700.001352, 10.000082, 678, 667, 11
5710.001511, 10.000159, 745, 723, 22
5720.001239, 9.999728, 709, 696, 13
5730.001268, 10.000029, 645, 628, 17
5740.002596, 10.001328, 486, 476, 10
5750.001407, 9.998811, 614, 599, 15
5760.001347, 9.99994, 689, 675, 14
5770.00157, 10.000223, 743, 729, 14
5780.001288, 9.999718, 685, 673, 12
5790.001702, 10.000414, 633, 620, 13
5800.001306, 9.999604, 695, 684, 11
5810.003279, 10.001973, 756, 740, 16
5820.001268, 9.997989, 782, 763, 19
5830.001208, 9.99994, 705, 691, 14
5840.001487, 10.000279, 692, 677, 15
5850.001375, 9.999888, 573, 556, 17
5860.001379, 10.000004, 649, 639, 10
5870.001258, 9.999879, 958, 940, 18
5880.001375, 10.000117, 693, 674, 19
5890.001404, 10.000029, 795, 775, 20
5900.001569, 10.000165, 705, 691, 14
5910.00129, 9.999721, 646, 629, 17
5920.001329, 10.000039, 711, 687, 24
5930.00156, 10.000231, 653, 641, 12
5940.001394, 9.999834, 713, 699, 14
5950.001705, 10.000311, 763, 744, 19
5960.001588, 9.999883, 714, 697, 17
5970.00132, 9.999732, 729, 710, 19
5980.001269, 9.999949, 790, 772, 18
5990.001916, 10.000647, 681, 661, 20
6000.001342, 9.999426, 853, 836, 17
6010.001314, 9.999972, 660, 653, 7
6020.001285, 9.999971, 785, 765, 20
6030.001692, 10.000407, 801, 784, 17
6040.001497, 9.999805, 627, 612, 15
6050.001581, 10.000084, 578, 564, 14
6060.001334, 9.999753, 871, 854, 17
6070.001363, 10.000029, 719, 703, 16
6080.001252, 9.999889, 663, 647, 16
6090.001567, 10.000315, 750, 738, 12
6100.002434, 10.000867, 806, 784, 22
6110.001685, 9.999251, 667, 653, 14
6120.001213, 9.999528, 745, 731, 14
6130.001243, 10.00003, 748, 732, 16
6140.001263, 10.00002, 756, 739, 17
6150.00147, 10.000207, 737, 722, 15
6160.001267, 9.999797, 651, 629, 22
6170.001257, 9.99999, 657, 650, 7
6180.001283, 10.000026, 718, 708, 10
6190.00139, 10.000107, 843, 824, 19
6200.001262, 9.999872, 736, 720, 16
6210.001481, 10.000219, 764, 748, 16
6220.001266, 9.999785, 633, 612, 21
6230.00135, 10.000084, 752, 742, 10
6240.001229, 9.999879, 715, 704, 11
6250.001293, 10.000064, 711, 695, 16
6260.001415, 10.000122, 708, 699, 9
6270.00134, 9.999925, 781, 763, 18
6280.001276, 9.999936, 888, 873, 15
6290.001604, 10.000328, 711, 690, 21
6300.0013, 9.999696, 778, 764, 14
6310.001424, 10.000124, 721, 708, 13
6320.001581, 10.000157, 729, 708, 21
6330.002342, 10.000761, 604, 584, 20
6340.001309, 9.998967, 659, 647, 12
6350.001311, 10.000002, 697, 684, 13
6360.001343, 10.000032, 808, 786, 22
6370.004993, 10.00365, 734, 727, 7
6380.006699, 10.001706, 669, 651, 18
6390.001603, 9.994904, 540, 526, 14
6400.001275, 9.999672, 685, 674, 11
6410.001214, 9.999939, 638, 624, 14
6420.001572, 10.000358, 589, 575, 14
6430.001352, 9.99978, 776, 769, 7
6440.001272, 9.99992, 584, 568, 16
6450.001274, 10.000002, 743, 734, 9
6460.001311, 10.000037, 650, 635, 15
6470.001536, 10.000225, 659, 638, 21
6480.001267, 9.999731, 659, 647, 12
6490.001256, 9.999989, 547, 537, 10
6500.001257, 10.000001, 715, 705, 10
6510.00131, 10.000053, 601, 587, 14
6520.00134, 10.00003, 614, 602, 12
6530.001282, 9.999942, 659, 646, 13
6540.001561, 10.000279, 579, 569, 10
6550.001285, 9.999724, 673, 661, 12
6560.001262, 9.999977, 670, 653, 17
6570.001344, 10.000082, 560, 550, 10
6580.002533, 10.001189, 759, 750, 9
6590.001537, 9.999004, 665, 652, 13
6600.001325, 9.999788, 534, 516, 18
6610.005888, 10.004563, 804, 789, 15
6620.001227, 9.995339, 661, 649, 12
6630.001364, 10.000137, 694, 677, 17
6640.002043, 10.000679, 758, 746, 12
6650.001295, 9.999252, 806, 794, 12
6660.001224, 9.999929, 734, 709, 25
6670.001676, 10.000452, 700, 690, 10
6680.001239, 9.999563, 677, 663, 14
6690.00366, 10.002421, 750, 734, 16
6700.001305, 9.997645, 742, 733, 9
6710.001352, 10.000047, 755, 738, 17
6720.001691, 10.000339, 720, 706, 14
6730.001375, 9.999684, 694, 679, 15
6740.001317, 9.999942, 751, 730, 21
6750.00157, 10.000253, 748, 727, 21
6760.001354, 9.999784, 730, 717, 13
6770.001385, 10.000031, 877, 853, 24
6780.0015, 10.000115, 748, 721, 27
6790.001324, 9.999824, 794, 777, 17
6800.016771, 10.015447, 747, 733, 14
6810.006538, 9.989767, 634, 615, 19
6820.001572, 9.995034, 730, 717, 13
6830.001263, 9.999691, 547, 538, 9
6840.001698, 10.000435, 544, 531, 13
6850.001251, 9.999553, 729, 709, 20
6860.001343, 10.000092, 805, 788, 17
6870.001297, 9.999954, 720, 702, 18
6880.001454, 10.000157, 797, 784, 13
6890.001479, 10.000025, 671, 658, 13
6900.001251, 9.999772, 827, 812, 15
6910.001804, 10.000553, 674, 661, 13
6920.001408, 9.999604, 767, 759, 8
6930.001717, 10.000309, 787, 775, 12
6940.001343, 9.999626, 833, 809, 24
6950.001253, 9.99991, 725, 703, 22
6960.001395, 10.000142, 744, 732, 12
6970.001405, 10.00001, 715, 700, 15
6980.001483, 10.000078, 752, 737, 15
6990.001243, 9.99976, 811, 798, 13
7000.003744, 10.002501, 763, 749, 14
7010.001362, 9.997618, 727, 710, 17
7020.001683, 10.000321, 814, 792, 22
7030.001283, 9.9996, 841, 816, 25
7040.001237, 9.999954, 612, 598, 14
7050.001252, 10.000015, 768, 752, 16
7060.001566, 10.000314, 784, 768, 16
7070.001592, 10.000026, 624, 603, 21
7080.001877, 10.000285, 561, 544, 17
7090.001389, 9.999512, 677, 674, 3
7100.001243, 9.999854, 689, 669, 20
7110.001356, 10.000113, 707, 697, 10
7120.001379, 10.000023, 738, 723, 15
7130.001265, 9.999886, 694, 678, 16
7140.001344, 10.000079, 705, 690, 15
7150.003301, 10.001957, 622, 613, 9
7160.001292, 9.997991, 679, 664, 15
7170.003742, 10.00245, 646, 638, 8
7180.001406, 9.997664, 617, 601, 16
7190.00127, 9.999864, 696, 685, 11
7200.00127, 10.0, 589, 581, 8
7210.001546, 10.000276, 697, 680, 17
7220.001233, 9.999687, 694, 682, 12
7230.001364, 10.000131, 743, 729, 14
7240.001568, 10.000204, 826, 809, 17
7250.001363, 9.999795, 710, 689, 21
7260.001358, 9.999995, 674, 664, 10
7270.001475, 10.000117, 754, 740, 14
7280.001287, 9.999812, 844, 822, 22
7290.001278, 9.999991, 658, 645, 13
7300.001697, 10.000419, 600, 584, 16
7310.001516, 9.999819, 531, 516, 15
7320.00125, 9.999734, 743, 732, 11
7330.001351, 10.000101, 690, 673, 17
7340.001695, 10.000344, 644, 629, 15
7350.001403, 9.999708, 714, 696, 18
7360.001257, 9.999854, 740, 724, 16
7370.003519, 10.002262, 720, 700, 20
7380.001244, 9.997725, 686, 666, 20
7390.001805, 10.000561, 530, 515, 15
7400.001859, 10.000054, 558, 550, 8
7410.0042, 10.002341, 744, 736, 8
7420.001242, 9.997042, 709, 694, 15
7430.001375, 10.000133, 660, 651, 9
7440.001306, 9.999931, 765, 748, 17
7450.001344, 10.000038, 687, 671, 16
7460.001266, 9.999922, 671, 649, 22
7470.001479, 10.000213, 653, 641, 12
7480.00134, 9.999861, 670, 661, 9
7490.001504, 10.000164, 616, 606, 10
7500.001445, 9.999941, 618, 603, 15
7510.001441, 9.999996, 645, 636, 9
7520.001255, 9.999814, 609, 590, 19
7530.001354, 10.000099, 757, 746, 11
7540.002515, 10.001161, 775, 762, 13
7550.001479, 9.998964, 701, 683, 18
7560.001388, 9.999909, 777, 759, 18
7570.001339, 9.999951, 727, 708, 19
7580.001445, 10.000106, 532, 522, 10
7590.002193, 10.000748, 615, 606, 9
7600.001224, 9.999031, 599, 583, 16
7610.001301, 10.000077, 659, 649, 10
7620.006961, 10.00566, 752, 737, 15
7630.001376, 9.994415, 744, 725, 19
7640.001271, 9.999895, 606, 590, 16
7650.001792, 10.000521, 554, 543, 11
7660.001264, 9.999472, 597, 591, 6
7670.001226, 9.999962, 589, 572, 17
7680.001391, 10.000165, 622, 609, 13
7690.002079, 10.000688, 664, 648, 16
7700.000477, 9.998398, 597, 575, 22
7710.001474, 10.000997, 580, 567, 13
7720.001535, 10.000061, 459, 449, 10
7730.0013, 9.999765, 768, 758, 10
7740.001355, 10.000055, 618, 609, 9
7750.001298, 9.999943, 635, 621, 14
7760.001229, 9.999931, 632, 616, 16
7770.001375, 10.000146, 750, 730, 20
7780.001368, 9.999993, 639, 625, 14
7790.003757, 10.002389, 619, 606, 13
7800.001491, 9.997734, 619, 604, 15
7810.001271, 9.99978, 746, 737, 9
7820.001276, 10.000005, 622, 603, 19
7830.001587, 10.000311, 749, 735, 14
7840.001379, 9.999792, 612, 594, 18
7850.001272, 9.999893, 589, 577, 12
7860.00148, 10.000208, 744, 735, 9
7870.001295, 9.999815, 608, 592, 16
7880.001467, 10.000172, 581, 570, 11
7890.001231, 9.999764, 602, 591, 11
7900.001386, 10.000155, 641, 629, 12
7910.002044, 10.000658, 663, 654, 9
7920.000272, 9.998228, 512, 496, 16
7930.001657, 10.001385, 533, 525, 8
7940.00154, 9.999883, 593, 583, 10
7950.001452, 9.999912, 855, 839, 16
7960.001411, 9.999959, 812, 799, 13
7970.00127, 9.999859, 778, 763, 15
7980.001352, 10.000082, 558, 540, 18
7990.001958, 10.000606, 815, 797, 18
8000.001267, 9.999309, 744, 724, 20
8010.001238, 9.999971, 737, 719, 18
8020.001454, 10.000216, 676, 654, 22
8030.001341, 9.999887, 756, 742, 14
8040.001378, 10.000037, 818, 792, 26
8050.00127, 9.999892, 619, 605, 14
8060.001279, 10.000009, 725, 714, 11
8070.001498, 10.000219, 671, 657, 14
8080.001211, 9.999713, 580, 569, 11
8090.001263, 10.000052, 681, 669, 12
8100.001245, 9.999982, 566, 547, 19
8110.001415, 10.00017, 637, 625, 12
8120.001252, 9.999837, 592, 580, 12
8130.001251, 9.999999, 557, 544, 13
8140.001245, 9.999994, 605, 591, 14
8150.002943, 10.001698, 713, 708, 5
8160.001265, 9.998322, 600, 583, 17
8170.001303, 10.000038, 733, 726, 7
8180.001514, 10.000211, 684, 664, 20
8190.001266, 9.999752, 770, 753, 17
8200.00124, 9.999974, 673, 658, 15
8210.00159, 10.00035, 674, 662, 12
8220.001233, 9.999643, 615, 601, 14
8230.001386, 10.000153, 690, 682, 8
8240.003306, 10.00192, 657, 636, 21
8250.001514, 9.998208, 721, 700, 21
8260.001257, 9.999743, 652, 640, 12
8270.001434, 10.000177, 667, 653, 14
8280.001252, 9.999818, 778, 768, 10
8290.001304, 10.000052, 580, 563, 17
8300.001501, 10.000197, 701, 687, 14
8310.00144, 9.999939, 643, 636, 7
8320.001458, 10.000018, 733, 714, 19
8330.001326, 9.999868, 713, 696, 17
8340.009496, 10.00817, 825, 806, 19
8350.001267, 9.991771, 733, 719, 14
8360.00126, 9.999993, 686, 676, 10
8370.00129, 10.00003, 591, 580, 11
8380.001267, 9.999977, 701, 685, 16
8390.001428, 10.000161, 634, 616, 18
8400.002923, 10.001495, 684, 672, 12
8410.001246, 9.998323, 751, 733, 18
8420.001271, 10.000025, 840, 826, 14
8430.001248, 9.999977, 655, 639, 16
8440.00129, 10.000042, 748, 736, 12
8450.001266, 9.999976, 872, 866, 6
8460.001419, 10.000153, 777, 754, 23
8470.001298, 9.999879, 752, 737, 15
8480.001384, 10.000086, 895, 872, 23
8490.001243, 9.999859, 736, 717, 19
8500.001439, 10.000196, 727, 711, 16
8510.001225, 9.999786, 515, 501, 14
8520.001248, 10.000023, 664, 652, 12
8530.001268, 10.00002, 721, 708, 13
8540.001246, 9.999978, 663, 647, 16
8550.001253, 10.000007, 543, 532, 11
8560.001484, 10.000231, 596, 583, 13
8570.001312, 9.999828, 661, 651, 10
8580.001455, 10.000143, 629, 611, 18
8590.001282, 9.999827, 715, 701, 14
8600.001344, 10.000062, 567, 557, 10
8610.002311, 10.000967, 669, 655, 14
8620.001234, 9.998923, 619, 602, 17
8630.001273, 10.000039, 659, 644, 15
8640.001261, 9.999988, 608, 593, 15
8650.001364, 10.000103, 623, 616, 7
8660.001516, 10.000152, 492, 482, 10
8670.001267, 9.999751, 533, 523, 10
8680.001493, 10.000226, 537, 524, 13
8690.001265, 9.999772, 680, 665, 15
8700.001605, 10.00034, 660, 648, 12
8710.001227, 9.999622, 735, 722, 13
8720.002404, 10.001177, 564, 551, 13
8730.001324, 9.99892, 657, 640, 17
8740.001211, 9.999887, 717, 700, 17
8750.001618, 10.000407, 710, 691, 19
8760.001436, 9.999818, 698, 683, 15
8770.001266, 9.99983, 588, 577, 11
8780.001362, 10.000096, 639, 627, 12
8790.001267, 9.999905, 609, 593, 16
8800.001781, 10.000514, 557, 540, 17
8810.001277, 9.999496, 746, 739, 7
8820.001242, 9.999965, 779, 762, 17
8830.00135, 10.000108, 682, 661, 21
8840.001411, 10.000061, 683, 669, 14
8850.00134, 9.999929, 727, 710, 17
8860.001264, 9.999924, 721, 707, 14
8870.001223, 9.999959, 800, 785, 15
8880.001224, 10.000001, 649, 636, 13
8890.00133, 10.000106, 766, 754, 12
8900.001245, 9.999915, 779, 753, 26
8910.00128, 10.000035, 625, 611, 14
8920.001438, 10.000158, 763, 752, 11
8930.001264, 9.999826, 658, 637, 21
8940.001465, 10.000201, 617, 608, 9
8950.002621, 10.001156, 744, 732, 12
8960.001262, 9.998641, 753, 732, 21
8970.001411, 10.000149, 757, 731, 26
8980.001314, 9.999903, 810, 798, 12
8990.001259, 9.999945, 828, 796, 32
9000.001739, 10.00048, 483, 470, 13
9010.001939, 10.0002, 679, 668, 11
9020.00143, 9.999491, 791, 780, 11
9030.00139, 9.99996, 637, 619, 18
9040.001345, 9.999955, 712, 697, 15
9050.001378, 10.000033, 596, 570, 26
9060.001622, 10.000244, 647, 637, 10
9070.002555, 10.000933, 832, 814, 18
9080.001266, 9.998711, 710, 693, 17
9090.00131, 10.000044, 589, 565, 24
9100.0016, 10.00029, 544, 533, 11
9110.001269, 9.999669, 635, 622, 13
9120.001282, 10.000013, 595, 582, 13
9130.001436, 10.000154, 771, 759, 12
9140.001272, 9.999836, 714, 694, 20
9150.001447, 10.000175, 650, 636, 14
9160.001298, 9.999851, 749, 737, 12
9170.001642, 10.000344, 668, 652, 16
9180.00122, 9.999578, 661, 647, 14
9190.001582, 10.000362, 685, 672, 13
9200.001485, 9.999903, 680, 663, 17
9210.001216, 9.999731, 604, 592, 12
9220.001251, 10.000035, 546, 536, 10
9230.001403, 10.000152, 602, 596, 6
9240.001277, 9.999874, 823, 812, 11
9250.001244, 9.999967, 634, 609, 25
9260.00122, 9.999976, 606, 594, 12
9270.002277, 10.001057, 705, 696, 9
9280.001279, 9.999002, 742, 725, 17
9290.001267, 9.999988, 666, 648, 18
9300.001384, 10.000117, 660, 645, 15
9310.001267, 9.999883, 604, 593, 11
9320.001267, 10.0, 651, 642, 9
9330.001261, 9.999994, 806, 793, 13
9340.001438, 10.000177, 695, 678, 17
9350.001656, 10.000218, 750, 736, 14
9360.00142, 9.999764, 811, 792, 19
9370.001297, 9.999877, 576, 563, 13
9380.001237, 9.99994, 603, 580, 23
9390.001664, 10.000427, 719, 713, 6
9400.001266, 9.999602, 710, 691, 19
9410.001821, 10.000555, 662, 646, 16
9420.001312, 9.999491, 848, 833, 15
9430.001435, 10.000123, 810, 800, 10
9440.001237, 9.999802, 747, 730, 17
9450.001591, 10.000354, 746, 728, 18
9460.00127, 9.999679, 783, 764, 19
9470.001725, 10.000455, 642, 623, 19
9480.001406, 9.999681, 658, 645, 13
9490.001253, 9.999847, 568, 560, 8
9500.001586, 10.000333, 751, 740, 11
9510.001443, 9.999857, 555, 543, 12
9520.001583, 10.00014, 648, 638, 10
9530.00125, 9.999667, 565, 551, 14
9540.001293, 10.000043, 617, 600, 17
9550.001232, 9.999939, 765, 750, 15
9560.001654, 10.000422, 707, 693, 14
9570.001511, 9.999857, 609, 586, 23
9580.001928, 10.000417, 686, 672, 14
9590.001313, 9.999385, 629, 621, 8
9600.001357, 10.000044, 673, 665, 8
9610.001615, 10.000258, 638, 623, 15
9620.001374, 9.999759, 546, 535, 11
9630.001353, 9.999979, 764, 744, 20
9640.001318, 9.999965, 613, 609, 4
9650.001485, 10.000167, 563, 549, 14
9660.00127, 9.999785, 680, 668, 12
9670.001246, 9.999976, 633, 619, 14
9680.001287, 10.000041, 617, 606, 11
9690.001219, 9.999932, 701, 689, 12
9700.002591, 10.001372, 754, 739, 15
9710.001267, 9.998676, 646, 626, 20
9720.001268, 10.000001, 706, 693, 13
9730.001279, 10.000011, 565, 548, 17
9740.001257, 9.999978, 743, 732, 11
9750.001246, 9.999989, 690, 668, 22
9760.001519, 10.000273, 494, 484, 10
9770.001545, 10.000026, 525, 519, 6
9780.001477, 9.999932, 686, 668, 18
9790.00126, 9.999783, 680, 668, 12
9800.003083, 10.001823, 698, 682, 16
9810.000219, 9.997136, 713, 690, 23
9820.001217, 10.000998, 601, 578, 23
9830.001234, 10.000017, 442, 423, 19
9840.001271, 10.000037, 714, 702, 12
9850.001281, 10.00001, 750, 742, 8
9860.001555, 10.000274, 841, 825, 16
9870.001616, 10.000061, 613, 595, 18
9880.002098, 10.000482, 695, 681, 14
9890.000243, 9.998145, 694, 685, 9
9900.001444, 10.001201, 595, 578, 17
9910.001422, 9.999978, 645, 637, 8
9920.001252, 9.99983, 677, 668, 9
9930.006903, 10.005651, 696, 681, 15
9940.001383, 9.99448, 679, 661, 18
9950.001258, 9.999875, 701, 697, 4
9960.0013, 10.000042, 745, 727, 18
9970.001268, 9.999968, 892, 873, 19
9980.00141, 10.000142, 808, 783, 25
9990.001328, 9.999918, 772, 756, 16
10000.015044, 10.013716, 622, 606, 16
10010.001383, 9.986339, 672, 661, 11
10020.001268, 9.999885, 729, 721, 8
10030.001348, 10.00008, 580, 567, 13
10040.001344, 9.999996, 692, 683, 9
10050.00149, 10.000146, 722, 710, 12
10060.001327, 9.999837, 557, 542, 15
10070.001355, 10.000028, 603, 595, 8
10080.001266, 9.999911, 620, 608, 12
10090.001282, 10.000016, 709, 697, 12
10100.00127, 9.999988, 715, 704, 11
10110.001289, 10.000019, 760, 738, 22
10120.001267, 9.999978, 613, 601, 12
10130.001252, 9.999985, 557, 544, 13
10140.001265, 10.000013, 581, 565, 16
10150.00126, 9.999995, 806, 792, 14
10160.001373, 10.000113, 562, 544, 18
10170.001247, 9.999874, 619, 612, 7
10180.001224, 9.999977, 683, 666, 17
10190.001289, 10.000065, 612, 600, 12
10200.001206, 9.999917, 815, 798, 17
10210.00125, 10.000044, 738, 721, 17
10220.001253, 10.000003, 698, 682, 16
10230.001254, 10.000001, 669, 656, 13
10240.001307, 10.000053, 602, 587, 15
10250.001393, 10.000086, 775, 762, 13
10260.001752, 10.000359, 685, 670, 15
10270.001355, 9.999603, 704, 686, 18
10280.001357, 10.000002, 680, 667, 13
10290.001413, 10.000056, 748, 728, 20
10300.001297, 9.999884, 703, 678, 25
10310.001338, 10.000041, 663, 650, 13
10320.001637, 10.000299, 593, 579, 14
10330.001269, 9.999632, 721, 705, 16
10340.001889, 10.00062, 541, 525, 16
10350.001305, 9.999416, 668, 658, 10
10360.001379, 10.000074, 697, 686, 11
10370.001263, 9.999884, 604, 591, 13
10380.00127, 10.000007, 845, 818, 27
10390.001372, 10.000102, 712, 698, 14
10400.001639, 10.000267, 770, 746, 24
10410.001343, 9.999704, 678, 667, 11
10420.001231, 9.999888, 751, 732, 19
10430.001369, 10.000138, 657, 644, 13
10440.001399, 10.00003, 735, 722, 13
10450.001265, 9.999866, 744, 721, 23
10460.001267, 10.000002, 628, 610, 18
10470.001347, 10.00008, 671, 657, 14
10480.001316, 9.999969, 762, 753, 9
10490.001238, 9.999922, 534, 519, 15
10500.00124, 10.000002, 772, 759, 13
10510.00145, 10.00021, 634, 617, 17
10520.001268, 9.999818, 699, 686, 13
10530.004547, 10.003279, 587, 570, 17
10540.00131, 9.996763, 540, 534, 6
10550.001455, 10.000145, 595, 579, 16
10560.001771, 10.000316, 527, 516, 11
10570.001261, 9.99949, 647, 637, 10
10580.00124, 9.999979, 658, 644, 14
10590.00148, 10.00024, 668, 657, 11
10600.002648, 10.001168, 726, 710, 16
10610.001267, 9.998619, 692, 679, 13
10620.001366, 10.000099, 699, 676, 23
10630.001379, 10.000013, 749, 732, 17
10640.001262, 9.999883, 629, 616, 13
10650.00132, 10.000058, 728, 714, 14
10660.001281, 9.999961, 716, 705, 11
10670.001406, 10.000125, 603, 588, 15
10680.001355, 9.999949, 817, 800, 17
10690.00149, 10.000135, 564, 544, 20
10700.001544, 10.000054, 676, 666, 10
10710.001245, 9.999701, 744, 728, 16
10720.003693, 10.002448, 620, 602, 18
10730.001305, 9.997612, 733, 720, 13
10740.001826, 10.000521, 618, 609, 9
10750.002191, 10.000365, 752, 740, 12
10760.001343, 9.999152, 848, 828, 20
10770.001385, 10.000042, 791, 764, 27
10780.001448, 10.000063, 739, 721, 18
10790.001387, 9.999939, 774, 762, 12
10800.00193, 10.000543, 743, 730, 13
10810.001436, 9.999506, 740, 724, 16
10820.001495, 10.000059, 804, 791, 13
10830.001495, 10.0, 809, 784, 25
10840.001619, 10.000124, 747, 732, 15
10850.001228, 9.999609, 550, 537, 13
10860.001449, 10.000221, 644, 631, 13
10870.001399, 9.99995, 584, 574, 10
10880.001283, 9.999884, 691, 680, 11
10890.001509, 10.000226, 674, 656, 18
10900.00127, 9.999761, 696, 690, 6
10910.001272, 10.000002, 526, 515, 11
10920.001408, 10.000136, 683, 670, 13
10930.001269, 9.999861, 744, 735, 9
10940.001241, 9.999972, 677, 663, 14
10950.001382, 10.000141, 586, 569, 17
10960.001928, 10.000546, 682, 666, 16
10970.00178, 9.999852, 663, 648, 15
10980.001329, 9.999549, 593, 580, 13
10990.00127, 9.999941, 463, 449, 14
11000.001381, 10.000111, 510, 489, 21
11010.001299, 9.999918, 676, 671, 5
11020.001548, 10.000249, 544, 535, 9
11030.001589, 10.000041, 719, 700, 19
11040.001242, 9.999653, 756, 739, 17
11050.001242, 10.0, 524, 504, 20
11060.001243, 10.000001, 625, 618, 7
11070.001268, 10.000025, 645, 633, 12
11080.001306, 10.000038, 600, 590, 10
11090.001311, 10.000005, 708, 696, 12
11100.001424, 10.000113, 701, 687, 14
11110.001468, 10.000044, 757, 739, 18
11120.001271, 9.999803, 672, 653, 19
11130.001428, 10.000157, 827, 813, 14
11140.001621, 10.000193, 782, 765, 17
11150.001303, 9.999682, 812, 787, 25
11160.001596, 10.000293, 642, 618, 24
11170.001244, 9.999648, 631, 615, 16
11180.00136, 10.000116, 654, 638, 16
11190.001267, 9.999907, 635, 618, 17
11200.001301, 10.000034, 492, 483, 9
11210.001388, 10.000087, 764, 755, 9
11220.001365, 9.999977, 701, 682, 19
11230.001509, 10.000144, 856, 830, 26
11240.001246, 9.999737, 676, 663, 13
11250.00227, 10.001024, 640, 622, 18
11260.001318, 9.999048, 996, 979, 17
11270.001284, 9.999966, 998, 978, 20
11280.001221, 9.999937, 754, 729, 25
11290.001274, 10.000053, 908, 894, 14
11300.001649, 10.000375, 1011, 991, 20
11310.001411, 9.999762, 914, 893, 21
11320.007487, 10.006076, 883, 865, 18
11330.001239, 9.993752, 1047, 1017, 30
11340.001317, 10.000078, 845, 829, 16
11350.001243, 9.999926, 992, 970, 22
11360.001278, 10.000035, 864, 847, 17
11370.001431, 10.000153, 961, 943, 18
11380.001772, 10.000341, 787, 766, 21
11390.001379, 9.999607, 895, 875, 20
11400.001244, 9.999865, 975, 952, 23
11410.001718, 10.000474, 970, 941, 29
11420.001438, 9.99972, 926, 907, 19
11430.001365, 9.999927, 969, 953, 16
11440.001271, 9.999906, 997, 978, 19
11450.001319, 10.000048, 888, 871, 17
11460.001406, 10.000087, 892, 868, 24
11470.001267, 9.999861, 924, 901, 23
11480.00169, 10.000423, 948, 931, 17
11490.001304, 9.999614, 911, 893, 18
11500.001214, 9.99991, 912, 899, 13
11510.001295, 10.000081, 866, 856, 10
11520.001313, 10.000018, 746, 735, 11
11530.001364, 10.000051, 913, 900, 13
11540.005489, 10.004125, 870, 846, 24
11550.001664, 9.996175, 807, 791, 16
11560.001252, 9.999588, 862, 852, 10
11570.001382, 10.00013, 887, 879, 8
11580.001272, 9.99989, 978, 952, 26
11590.001265, 9.999993, 808, 792, 16
11600.001506, 10.000241, 900, 879, 21
11610.002105, 10.000599, 1048, 1032, 16
11620.000393, 9.998288, 932, 919, 13
11630.001299, 10.000906, 986, 967, 19
11640.001299, 10.0, 1006, 991, 15
11650.001237, 9.999938, 927, 903, 24
11660.001268, 10.000031, 1022, 997, 25
11670.004684, 10.003416, 1003, 987, 16
11680.001539, 9.996855, 786, 769, 17
11690.001612, 10.000073, 867, 850, 17
11700.001502, 9.99989, 860, 842, 18
11710.001314, 9.999812, 1032, 1018, 14
11720.00141, 10.000096, 1104, 1087, 17
11730.001588, 10.000178, 813, 787, 26
11740.001287, 9.999699, 914, 896, 18
11750.001472, 10.000185, 682, 669, 13
11760.001592, 10.00012, 879, 863, 16
11770.001716, 10.000124, 945, 933, 12
11780.001267, 9.999551, 845, 820, 25
11790.001266, 9.999999, 888, 867, 21
11800.001283, 10.000017, 946, 934, 12
11810.001277, 9.999994, 673, 656, 17
11820.001345, 10.000068, 925, 912, 13
11830.001266, 9.999921, 1014, 1001, 13
11840.001282, 10.000016, 917, 896, 21
11850.001203, 9.999921, 883, 862, 21
11860.001286, 10.000083, 771, 753, 18
11870.001241, 9.999955, 870, 852, 18
11880.001266, 10.000025, 766, 753, 13
11890.001236, 9.99997, 852, 840, 12
11900.001518, 10.000282, 1041, 1022, 19
11910.001255, 9.999737, 1067, 1040, 27
11920.001352, 10.000097, 914, 893, 21
11930.001245, 9.999893, 727, 710, 17
11940.00129, 10.000045, 800, 786, 14
11950.001282, 9.999992, 974, 961, 13
11960.001268, 9.999986, 906, 894, 12
11970.00142, 10.000152, 958, 937, 21
11980.001574, 10.000154, 988, 968, 20
11990.00205, 10.000476, 918, 888, 30
12000.009853, 10.007803, 980, 952, 28
12010.00122, 9.991367, 893, 869, 24
12020.001266, 10.000046, 1006, 981, 25
12030.00129, 10.000024, 871, 853, 18
12040.001267, 9.999977, 1039, 1018, 21
12050.001284, 10.000017, 858, 843, 15
12060.001218, 9.999934, 935, 916, 19
12070.002424, 10.001206, 779, 763, 16
12080.001412, 9.998988, 1018, 1001, 17
12090.005531, 10.004119, 983, 964, 19
12100.001225, 9.995694, 1003, 985, 18
12110.00151, 10.000285, 942, 924, 18
12120.001254, 9.999744, 938, 917, 21
12130.001458, 10.000204, 855, 835, 20
12140.00123, 9.999772, 969, 951, 18
12150.001353, 10.000123, 995, 980, 15
12160.001342, 9.999989, 909, 886, 23
12170.001405, 10.000063, 906, 887, 19
12180.001307, 9.999902, 1028, 1013, 15
12190.001288, 9.999981, 816, 799, 17
12200.001364, 10.000076, 852, 838, 14
12210.00187, 10.000506, 844, 823, 21
12220.001247, 9.999377, 1061, 1043, 18
12230.001346, 10.000099, 838, 816, 22
12240.001404, 10.000058, 741, 723, 18
12250.001699, 10.000295, 1002, 984, 18
12260.001366, 9.999667, 843, 831, 12
12270.001375, 10.000009, 978, 962, 16
12280.001399, 10.000024, 987, 959, 28
12290.00127, 9.999871, 920, 909, 11
12300.001249, 9.999979, 968, 942, 26
12310.002398, 10.001149, 899, 883, 16
12320.001438, 9.99904, 980, 963, 17
12330.00142, 9.999982, 953, 932, 21
12340.001478, 10.000058, 1006, 984, 22
12350.0014, 9.999922, 954, 932, 22
12360.001324, 9.999924, 1019, 1002, 17
12370.001396, 10.000072, 935, 914, 21
12380.001268, 9.999872, 1007, 984, 23
12390.001234, 9.999966, 714, 698, 16
12400.001265, 10.000031, 817, 803, 14
12410.001245, 9.99998, 849, 835, 14
12420.002772, 10.001527, 1034, 1017, 17
12430.00146, 9.998688, 1018, 1000, 18
12440.001462, 10.000002, 912, 889, 23
12450.001289, 9.999827, 749, 734, 15
12460.001569, 10.00028, 954, 934, 20
12470.001305, 9.999736, 866, 855, 11
12480.001265, 9.99996, 1086, 1062, 24
12490.001238, 9.999973, 1031, 1007, 24
12500.001297, 10.000059, 1078, 1059, 19
12510.001416, 10.000119, 988, 968, 20
12520.001353, 9.999937, 925, 899, 26
12530.001814, 10.000461, 662, 642, 20
12540.001441, 9.999627, 686, 671, 15
12550.001617, 10.000176, 882, 873, 9
12560.001231, 9.999614, 857, 842, 15
12570.001305, 10.000074, 1118, 1099, 19
12580.001239, 9.999934, 786, 774, 12
12590.003159, 10.00192, 923, 906, 17
12600.000329, 9.99717, 947, 930, 17
12610.001307, 10.000978, 921, 902, 19
12620.001345, 10.000038, 950, 926, 24
12630.001457, 10.000112, 1014, 1000, 14
12640.001279, 9.999822, 957, 939, 18
12650.001273, 9.999994, 1071, 1042, 29
12660.001252, 9.999979, 877, 866, 11
12670.001489, 10.000237, 991, 970, 21
12680.001592, 10.000103, 1012, 993, 19
12690.00127, 9.999678, 954, 929, 25
12700.00126, 9.99999, 987, 968, 19
12710.001368, 10.000108, 958, 946, 12
12720.001277, 9.999909, 973, 954, 19
12730.001299, 10.000022, 916, 895, 21
12740.001425, 10.000126, 826, 801, 25
12750.001381, 9.999956, 943, 928, 15
12760.001248, 9.999867, 803, 786, 17
12770.001532, 10.000284, 991, 973, 18
12780.001388, 9.999856, 1048, 1025, 23
12790.001254, 9.999866, 920, 898, 22
12800.001941, 10.000687, 951, 938, 13
12810.001277, 9.999336, 936, 916, 20
12820.001269, 9.999992, 999, 972, 27
12830.001375, 10.000106, 834, 812, 22
12840.001631, 10.000256, 1019, 1001, 18
12850.001234, 9.999603, 981, 958, 23
12860.001709, 10.000475, 941, 921, 20
12870.001221, 9.999512, 829, 806, 23
12880.001479, 10.000258, 1025, 1004, 21
12890.001481, 10.000002, 1004, 981, 23
12900.001342, 9.999861, 877, 854, 23
12910.001266, 9.999924, 909, 889, 20
12920.001268, 10.000002, 924, 910, 14
12930.001311, 10.000043, 962, 946, 16
12940.001266, 9.999955, 1125, 1102, 23
12950.001331, 10.000065, 934, 919, 15
12960.001355, 10.000024, 969, 939, 30
12970.001345, 9.99999, 888, 868, 20
12980.003086, 10.001741, 1077, 1051, 26
12990.000268, 9.997182, 985, 963, 22
13000.001502, 10.001234, 934, 914, 20
13010.001369, 9.999867, 846, 831, 15
13020.001629, 10.00026, 883, 861, 22
13030.00176, 10.000131, 926, 907, 19
13040.002581, 10.000821, 953, 940, 13
13050.001292, 9.998711, 902, 882, 20
13060.001438, 10.000146, 892, 873, 19
13070.001264, 9.999826, 762, 740, 22
13080.001227, 9.999963, 926, 913, 13
13090.0013, 10.000073, 979, 962, 17
13100.001255, 9.999955, 684, 664, 20
13110.001235, 9.99998, 947, 931, 16
13120.001407, 10.000172, 1012, 992, 20
13130.001274, 9.999867, 934, 913, 21
13140.001472, 10.000198, 947, 934, 13
13150.001699, 10.000227, 1006, 979, 27
13160.001409, 9.99971, 999, 975, 24
13170.001315, 9.999906, 944, 919, 25
13180.001982, 10.000667, 941, 925, 16
13190.001392, 9.99941, 981, 958, 23
13200.001388, 9.999996, 748, 728, 20
13210.001513, 10.000125, 932, 919, 13
13220.00125, 9.999737, 798, 779, 19
13230.001263, 10.000013, 836, 821, 15
13240.001258, 9.999995, 891, 879, 12
13250.001221, 9.999963, 757, 741, 16
13260.001326, 10.000105, 1023, 1006, 17
13270.001512, 10.000186, 671, 654, 17
13280.001235, 9.999723, 901, 888, 13
13290.001296, 10.000061, 949, 942, 7
13300.001416, 10.00012, 937, 906, 31
13310.002077, 10.000661, 989, 972, 17
13320.002274, 10.000197, 989, 971, 18
13330.001236, 9.998962, 847, 831, 16
13340.001293, 10.000057, 1019, 1003, 16
13350.00133, 10.000037, 947, 923, 24
13360.001421, 10.000091, 1022, 1000, 22
13370.001311, 9.99989, 983, 960, 23
13380.001392, 10.000081, 980, 962, 18
13390.001476, 10.000084, 1052, 1031, 21
13400.002913, 10.001437, 889, 868, 21
13410.001454, 9.998541, 792, 781, 11
13420.001264, 9.99981, 806, 791, 15
13430.001379, 10.000115, 882, 874, 8
13440.001268, 9.999889, 974, 958, 16
13450.002539, 10.001271, 921, 908, 13
13460.00122, 9.998681, 1000, 981, 19
13470.001654, 10.000434, 960, 940, 20
13480.001397, 9.999743, 891, 874, 17
13490.001674, 10.000277, 740, 722, 18
13500.001392, 9.999718, 912, 899, 13
13510.00123, 9.999838, 870, 852, 18
13520.001441, 10.000211, 971, 958, 13
13530.001252, 9.999811, 962, 939, 23
13540.001259, 10.000007, 906, 887, 19
13550.001574, 10.000315, 930, 909, 21
13560.001284, 9.99971, 868, 848, 20
13570.001385, 10.000101, 998, 981, 17
13580.001251, 9.999866, 940, 924, 16
13590.00147, 10.000219, 971, 953, 18
13600.001271, 9.999801, 1016, 989, 27
13610.00155, 10.000279, 868, 846, 22
13620.001468, 9.999918, 968, 944, 24
13630.001845, 10.000377, 993, 968, 25
13640.001249, 9.999404, 969, 957, 12
13650.001339, 10.00009, 858, 846, 12
13660.001289, 9.99995, 945, 932, 13
13670.001226, 9.999937, 795, 775, 20
13680.001485, 10.000259, 793, 781, 12
13690.001265, 9.99978, 916, 905, 11
13700.00127, 10.000005, 691, 673, 18
13710.001417, 10.000147, 805, 797, 8
13720.001343, 9.999926, 962, 950, 12
13730.001269, 9.999926, 806, 785, 21
13740.001251, 9.999982, 1019, 1002, 17
13750.001263, 10.000012, 907, 888, 19
13760.001356, 10.000093, 1061, 1047, 14
13770.001758, 10.000402, 879, 861, 18
13780.00137, 9.999612, 986, 970, 16
13790.001294, 9.999924, 925, 909, 16
13800.001216, 9.999922, 824, 816, 8
13810.001283, 10.000067, 967, 946, 21
13820.00125, 9.999967, 960, 942, 18
13830.001267, 10.000017, 1018, 1003, 15
13840.001281, 10.000014, 1047, 1027, 20
13850.001421, 10.00014, 1002, 984, 18
13860.001534, 10.000113, 1027, 1003, 24
13870.001572, 10.000038, 934, 907, 27
13880.001254, 9.999682, 709, 684, 25
13890.001264, 10.00001, 768, 761, 7
13900.001313, 10.000049, 754, 735, 19
13910.002038, 10.000725, 840, 832, 8
13920.000319, 9.998281, 922, 905, 17
13930.001206, 10.000887, 1022, 1005, 17
13940.001544, 10.000338, 1018, 1003, 15
13950.001232, 9.999688, 1057, 1037, 20
13960.001379, 10.000147, 837, 822, 15
13970.001379, 10.0, 1039, 1021, 18
13980.001368, 9.999989, 892, 873, 19
13990.001258, 9.99989, 905, 877, 28
14000.001474, 10.000216, 884, 870, 14
14010.001408, 9.999934, 944, 916, 28
14020.001254, 9.999846, 901, 885, 16
14030.001246, 9.999992, 1103, 1088, 15
14040.001466, 10.00022, 886, 866, 20
14050.001271, 9.999805, 1002, 977, 25
14060.001284, 10.000013, 996, 975, 21
14070.00132, 10.000036, 809, 798, 11
14080.001264, 9.999944, 873, 852, 21
14090.001386, 10.000122, 1016, 997, 19
14100.001381, 9.999995, 950, 926, 24
14110.00157, 10.000189, 890, 869, 21
14120.001424, 9.999854, 962, 942, 20
14130.001353, 9.999929, 920, 908, 12
14140.001288, 9.999935, 1037, 1015, 22
14150.001523, 10.000235, 991, 978, 13
14160.001309, 9.999786, 997, 966, 31
14170.002937, 10.001628, 891, 875, 16
14180.001495, 9.998558, 984, 955, 29
14190.001236, 9.999741, 966, 948, 18
14200.001774, 10.000538, 1081, 1066, 15
14210.001465, 9.999691, 740, 724, 16
14220.00127, 9.999805, 1019, 998, 21
14230.001228, 9.999958, 1019, 1001, 18
14240.002179, 10.000951, 987, 969, 18
14250.000354, 9.998175, 778, 759, 19
14260.001331, 10.000977, 762, 753, 9
14270.001409, 10.000078, 708, 699, 9
14280.001219, 9.99981, 928, 916, 12
14290.001335, 10.000116, 916, 901, 15
14300.001288, 9.999953, 1016, 1001, 15
14310.001299, 10.000011, 970, 950, 20
14320.001202, 9.999903, 835, 818, 17
14330.00145, 10.000248, 862, 836, 26
14340.001302, 9.999852, 812, 799, 13
14350.002666, 10.001364, 893, 867, 26
14360.001311, 9.998645, 938, 923, 15
14370.001579, 10.000268, 1033, 1021, 12
14380.001405, 9.999826, 1017, 999, 18
14390.00132, 9.999915, 974, 949, 25
14400.001282, 9.999962, 890, 871, 19
14410.001273, 9.999991, 1022, 998, 24
14420.001919, 10.000646, 976, 965, 11
14430.001431, 9.999512, 997, 976, 21
14440.001288, 9.999857, 843, 826, 17
14450.001386, 10.000098, 951, 933, 18
14460.001258, 9.999872, 787, 772, 15
14470.001421, 10.000163, 993, 978, 15
14480.001319, 9.999898, 1066, 1052, 14
14490.001391, 10.000072, 814, 795, 19
14500.001309, 9.999918, 822, 800, 22
14510.001392, 10.000083, 943, 930, 13
14520.001733, 10.000341, 1103, 1084, 19
14530.00143, 9.999697, 943, 926, 17
14540.001236, 9.999806, 915, 897, 18
14550.001427, 10.000191, 1000, 988, 12
14560.011328, 10.009901, 842, 828, 14
14570.001462, 9.990134, 908, 891, 17
14580.001273, 9.999811, 787, 765, 22
14590.001358, 10.000085, 921, 902, 19
14600.001334, 9.999976, 994, 974, 20
14610.00141, 10.000076, 1091, 1069, 22
14620.00139, 9.99998, 936, 918, 18
14630.001215, 9.999825, 988, 965, 23
14640.001416, 10.000201, 1045, 1022, 23
14650.001414, 9.999998, 939, 918, 21
14660.00124, 9.999826, 893, 869, 24
14670.001375, 10.000135, 893, 871, 22
14680.001255, 9.99988, 1069, 1051, 18
14690.001316, 10.000061, 999, 980, 19
14700.001253, 9.999937, 933, 911, 22
14710.001251, 9.999998, 843, 828, 15
14720.001448, 10.000197, 879, 856, 23
14730.001219, 9.999771, 887, 878, 9
14740.00137, 10.000151, 806, 787, 19
14750.001296, 9.999926, 956, 938, 18
14760.001392, 10.000096, 986, 966, 20
14770.001257, 9.999865, 921, 900, 21
14780.00124, 9.999983, 974, 951, 23
14790.001831, 10.000591, 805, 788, 17
14800.002106, 10.000275, 976, 957, 19
14810.000292, 9.998186, 836, 828, 8
14820.001295, 10.001003, 850, 830, 20
14830.001593, 10.000298, 959, 941, 18
14840.001264, 9.999671, 917, 895, 22
14850.00126, 9.999996, 840, 826, 14
14860.004263, 10.003003, 801, 781, 20
14870.001464, 9.997201, 968, 952, 16
14880.001225, 9.999761, 891, 872, 19
14890.001634, 10.000409, 1033, 1021, 12
14900.001358, 9.999724, 986, 965, 21
14910.003642, 10.002284, 1003, 985, 18
14920.001265, 9.997623, 974, 955, 19
14930.001395, 10.00013, 1018, 994, 24
14940.001266, 9.999871, 789, 773, 16
14950.002859, 10.001593, 1024, 1007, 17
14960.001236, 9.998377, 893, 877, 16
14970.001386, 10.00015, 905, 879, 26
14980.001361, 9.999975, 939, 919, 20
14990.001425, 10.000064, 955, 943, 12
15000.001299, 9.999874, 988, 975, 13
15010.001277, 9.999978, 920, 910, 10
15020.001344, 10.000067, 833, 816, 17
15030.001268, 9.999924, 957, 942, 15
15040.001652, 10.000384, 891, 875, 16
15050.001434, 9.999782, 977, 963, 14
15060.001269, 9.999835, 1040, 1016, 24
15070.001293, 10.000024, 881, 868, 13
15080.001771, 10.000478, 923, 907, 16
15090.001443, 9.999672, 1086, 1060, 26
15100.00125, 9.999807, 1010, 990, 20
15110.001282, 10.000032, 920, 896, 24
15120.00123, 9.999948, 900, 885, 15
15130.002024, 10.000794, 954, 936, 18
15140.001218, 9.999194, 975, 961, 14
15150.001361, 10.000143, 934, 910, 24
15160.00132, 9.999959, 1017, 986, 31
15170.001271, 9.999951, 924, 913, 11
15180.001251, 9.99998, 1050, 1029, 21
15190.001359, 10.000108, 875, 848, 27
15200.001261, 9.999902, 1034, 1009, 25
15210.002122, 10.000861, 916, 897, 19
15220.000373, 9.998251, 993, 974, 19
15230.00126, 10.000887, 955, 940, 15
15240.001253, 9.999993, 828, 806, 22
15250.001471, 10.000218, 799, 783, 16
15260.001364, 9.999893, 1082, 1068, 14
15270.001316, 9.999952, 969, 949, 20
15280.001391, 10.000075, 975, 963, 12
15290.001483, 10.000092, 872, 849, 23
15300.001876, 10.000393, 785, 780, 5
15310.001263, 9.999387, 975, 956, 19
15320.002034, 10.000771, 829, 808, 21
15330.001273, 9.999239, 815, 793, 22
15340.001402, 10.000129, 857, 841, 16
15350.001371, 9.999969, 936, 917, 19
15360.001263, 9.999892, 1062, 1048, 14
15370.001429, 10.000166, 908, 897, 11
15380.001244, 9.999815, 819, 803, 16
15390.001728, 10.000484, 839, 820, 19
15400.004475, 10.002747, 806, 789, 17
15410.001314, 9.996839, 983, 968, 15
15420.001332, 10.000018, 990, 974, 16
15430.001458, 10.000126, 1025, 1004, 21
15440.001486, 10.000028, 774, 757, 17
15450.00148, 9.999994, 911, 896, 15
15460.001411, 9.999931, 814, 795, 19
15470.001262, 9.999851, 1049, 1034, 15
15480.001479, 10.000217, 1057, 1041, 16
15490.003544, 10.002065, 944, 924, 20
15500.001253, 9.997709, 1028, 1001, 27
15510.001787, 10.000534, 997, 988, 9
15520.001263, 9.999476, 549, 523, 26
15530.001366, 10.000103, 632, 628, 4
15540.00126, 9.999894, 851, 844, 7
15550.001282, 10.000022, 953, 934, 19
15560.001319, 10.000037, 981, 958, 23
15570.001639, 10.00032, 693, 671, 22
15580.001286, 9.999647, 966, 946, 20
15590.001399, 10.000113, 1018, 1004, 14
15600.001588, 10.000189, 962, 939, 23
15610.001243, 9.999655, 957, 941, 16
15620.001217, 9.999974, 995, 977, 18
15630.001359, 10.000142, 981, 960, 21
15640.001789, 10.00043, 914, 891, 23
15650.001245, 9.999456, 828, 810, 18
15660.001296, 10.000051, 775, 758, 17
15670.001322, 10.000026, 791, 773, 18
15680.001233, 9.999911, 848, 831, 17
15690.001231, 9.999998, 695, 684, 11
15700.001363, 10.000132, 829, 818, 11
15710.001237, 9.999874, 732, 715, 17
15720.001234, 9.999997, 782, 766, 16
15730.001234, 10.0, 1034, 1018, 16
15740.001221, 9.999987, 852, 833, 19
15750.001268, 10.000047, 727, 710, 17
15760.001264, 9.999996, 843, 829, 14
15770.00366, 10.002396, 784, 763, 21
15780.001279, 9.997619, 539, 525, 14
15790.003332, 10.002053, 899, 890, 9
15800.001344, 9.998012, 875, 858, 17
15810.001273, 9.999929, 1034, 1020, 14
15820.001262, 9.999989, 857, 834, 23
15830.00125, 9.999988, 811, 786, 25
15840.002548, 10.001298, 910, 901, 9
15850.003686, 10.001138, 965, 949, 16
15860.001253, 9.997567, 968, 943, 25
15870.001404, 10.000151, 920, 905, 15
15880.001231, 9.999827, 904, 890, 14
15890.00178, 10.000549, 880, 863, 17
15900.001456, 9.999676, 892, 877, 15
15910.001456, 10.0, 772, 762, 10
15920.001272, 9.999816, 856, 837, 19
15930.001245, 9.999973, 683, 666, 17
15940.001338, 10.000093, 1045, 1033, 12
15950.001293, 9.999955, 1042, 1028, 14
15960.001783, 10.00049, 940, 914, 26
15970.001269, 9.999486, 806, 790, 16
15980.001372, 10.000103, 787, 771, 16
15990.001381, 10.000009, 830, 814, 16
16000.001247, 9.999866, 953, 928, 25
16010.001317, 10.00007, 911, 890, 21
16020.001513, 10.000196, 783, 763, 20
16030.001267, 9.999754, 667, 653, 14
16040.004325, 10.003058, 987, 979, 8
16050.001832, 9.997507, 1005, 989, 16
16060.001266, 9.999434, 633, 612, 21
16070.001304, 10.000038, 890, 873, 17
16080.001264, 9.99996, 980, 969, 11
16090.001283, 10.000019, 851, 840, 11
16100.002937, 10.001654, 909, 892, 17
16110.001409, 9.998472, 946, 928, 18
16120.001276, 9.999867, 930, 907, 23
16130.002123, 10.000847, 728, 721, 7
16140.001276, 9.999153, 848, 835, 13
16150.00163, 10.000354, 775, 757, 18
16160.001715, 10.000085, 824, 812, 12
16170.001319, 9.999604, 901, 872, 29
16180.001573, 10.000254, 981, 966, 15
16190.001244, 9.999671, 883, 869, 14
16200.001344, 10.0001, 974, 960, 14
16210.0013, 9.999956, 1051, 1027, 24
16220.001713, 10.000413, 909, 895, 14
16230.001363, 9.99965, 718, 700, 18
16240.001255, 9.999892, 1092, 1078, 14
16250.001271, 10.000016, 830, 817, 13
16260.001733, 10.000462, 730, 711, 19
16270.001284, 9.999551, 910, 897, 13
16280.001302, 10.000018, 796, 782, 14
16290.001247, 9.999945, 829, 815, 14
16300.001254, 10.000007, 1004, 992, 12
16310.00126, 10.000006, 1009, 992, 17
16320.001442, 10.000182, 856, 832, 24
16330.003582, 10.00214, 857, 842, 15
16340.001363, 9.997781, 751, 735, 16
16350.005075, 10.003712, 843, 831, 12
16360.000866, 9.995791, 748, 739, 9
16370.001311, 10.000445, 879, 861, 18
16380.001397, 10.000086, 903, 889, 14
16390.001499, 10.000102, 918, 903, 15
16400.00124, 9.999741, 861, 841, 20
16410.001498, 10.000258, 772, 756, 16
16420.003041, 10.001543, 714, 705, 9
16430.001292, 9.998251, 907, 896, 11
16440.001488, 10.000196, 913, 896, 17
16450.001244, 9.999756, 941, 920, 21
16460.001256, 10.000012, 762, 748, 14
16470.002019, 10.000763, 871, 858, 13
16480.001845, 9.999826, 951, 930, 21
16490.00253, 10.000685, 953, 938, 15
16500.00134, 9.99881, 803, 785, 18
16510.001311, 9.999971, 943, 927, 16
16520.001228, 9.999917, 1064, 1047, 17
16530.001295, 10.000067, 1008, 991, 17
16540.001246, 9.999951, 1114, 1087, 27
16550.001375, 10.000129, 961, 945, 16
16560.001487, 10.000112, 879, 859, 20
16570.001271, 9.999784, 837, 820, 17
16580.001474, 10.000203, 989, 973, 16
16590.001271, 9.999797, 774, 760, 14
16600.001254, 9.999983, 641, 626, 15
16610.001255, 10.000001, 679, 672, 7
16620.001235, 9.99998, 1013, 993, 20
16630.001401, 10.000166, 895, 877, 18
16640.001341, 9.99994, 975, 959, 16
16650.001263, 9.999922, 763, 744, 19
16660.001356, 10.000093, 977, 959, 18
16670.001533, 10.000177, 899, 882, 17
16680.001269, 9.999736, 906, 887, 19
16690.001385, 10.000116, 912, 897, 15
16700.001313, 9.999928, 976, 958, 18
16710.001263, 9.99995, 788, 766, 22
16720.001578, 10.000315, 734, 717, 17
16730.001559, 9.999981, 1031, 1022, 9
16740.001415, 9.999856, 893, 879, 14
16750.001426, 10.000011, 931, 913, 18
16760.001452, 10.000026, 979, 956, 23
16770.001252, 9.9998, 862, 845, 17
16780.001234, 9.999982, 959, 942, 17
16790.00129, 10.000056, 794, 775, 19
16800.001295, 10.000005, 868, 855, 13
16810.001321, 10.000026, 925, 913, 12
16820.001779, 10.000458, 871, 857, 14
16830.001425, 9.999646, 959, 940, 19
16840.001334, 9.999909, 990, 974, 16
16850.001783, 10.000449, 998, 978, 20
16860.001468, 9.999685, 900, 877, 23
16870.001386, 9.999918, 926, 908, 18
16880.001322, 9.999936, 943, 925, 18
16890.001356, 10.000034, 953, 935, 18
16900.005232, 10.003876, 890, 866, 24
16910.001677, 9.996445, 880, 859, 21
16920.001258, 9.999581, 972, 956, 16
16930.001281, 10.000023, 1003, 980, 23
16940.001381, 10.0001, 898, 879, 19
16950.001469, 10.000088, 1029, 1009, 20
16960.001264, 9.999795, 772, 755, 17
16970.001253, 9.999989, 988, 972, 16
16980.001251, 9.999998, 891, 875, 16
16990.001295, 10.000044, 958, 946, 12
17000.001405, 10.00011, 938, 920, 18
17010.001403, 9.999998, 990, 969, 21
17020.001459, 10.000056, 1055, 1033, 22
17030.001371, 9.999912, 1046, 1028, 18
17040.001268, 9.999897, 852, 834, 18
17050.00131, 10.000042, 976, 961, 15
17060.001838, 10.000528, 936, 919, 17
17070.001729, 9.999891, 1019, 998, 21
17080.001255, 9.999526, 902, 879, 23
17090.00126, 10.000005, 1064, 1049, 15
17100.001259, 9.999999, 828, 807, 21
17110.001576, 10.000317, 844, 830, 14
17120.001241, 9.999665, 807, 799, 8
17130.001309, 10.000068, 827, 818, 9
17140.001343, 10.000034, 919, 905, 14
17150.001625, 10.000282, 905, 884, 21
17160.001293, 9.999668, 1013, 994, 19
17170.001362, 10.000069, 983, 963, 20
17180.001305, 9.999943, 817, 801, 16
17190.001513, 10.000208, 929, 912, 17
17200.00268, 10.001167, 1027, 1004, 23
17210.004244, 10.001564, 1029, 1010, 19
17220.000246, 9.996002, 815, 799, 16
17230.001659, 10.001413, 894, 879, 15
17240.001505, 9.999846, 1061, 1042, 19
17250.0013, 9.999795, 706, 691, 15
17260.001293, 9.999993, 806, 787, 19
17270.001324, 10.000031, 819, 809, 10
17280.001358, 10.000034, 1040, 1028, 12
17290.001887, 10.000529, 955, 928, 27
17300.00134, 9.999453, 856, 844, 12
17310.001239, 9.999899, 1033, 1016, 17
17320.001241, 10.000002, 998, 976, 22
17330.001449, 10.000208, 1017, 1002, 15
17340.001224, 9.999775, 987, 963, 24
17350.001443, 10.000219, 951, 933, 18
17360.001392, 9.999949, 877, 862, 15
17370.001223, 9.999831, 811, 797, 14
17380.00136, 10.000137, 1099, 1082, 17
17390.001351, 9.999991, 950, 935, 15
17400.002219, 10.000868, 992, 972, 20
17410.001363, 9.999144, 949, 930, 19
17420.001287, 9.999924, 905, 888, 17
17430.001633, 10.000346, 1016, 999, 17
17440.001316, 9.999683, 1135, 1113, 22
17450.001288, 9.999972, 924, 910, 14
17460.001512, 10.000224, 897, 887, 10
17470.001218, 9.999706, 758, 737, 21
17480.00135, 10.000132, 640, 630, 10
17490.001405, 10.000055, 968, 955, 13
17500.001301, 9.999896, 1023, 1008, 15
17510.001268, 9.999967, 970, 948, 22
17520.001362, 10.000094, 1062, 1036, 26
17530.001424, 10.000062, 996, 971, 25
17540.001374, 9.99995, 1011, 985, 26
17550.001254, 9.99988, 891, 872, 19
17560.001409, 10.000155, 986, 967, 19
17570.001312, 9.999903, 907, 891, 16
17580.001899, 10.000587, 881, 865, 16
17590.001255, 9.999356, 978, 960, 18
17600.001394, 10.000139, 941, 920, 21
17610.002174, 10.00078, 1116, 1095, 21
17620.000377, 9.998203, 904, 887, 17
17630.001344, 10.000967, 835, 820, 15
17640.001306, 9.999962, 1019, 1005, 14
17650.001263, 9.999957, 923, 905, 18
17660.001281, 10.000018, 1092, 1079, 13
17670.00174, 10.000459, 875, 858, 17
17680.002897, 10.001157, 874, 857, 17
17690.001422, 9.998525, 864, 850, 14
17700.001677, 10.000255, 1011, 999, 12
17710.001248, 9.999571, 1052, 1030, 22
17720.001372, 10.000124, 945, 928, 17
17730.001259, 9.999887, 638, 618, 20
17740.00141, 10.000151, 798, 790, 8
17750.001351, 9.999941, 862, 849, 13
17760.001264, 9.999913, 992, 976, 16
17770.001241, 9.999977, 933, 918, 15
17780.001272, 10.000031, 915, 890, 25
17790.001268, 9.999996, 974, 961, 13
17800.001298, 10.00003, 878, 863, 15
17810.004679, 10.003381, 927, 908, 19
17820.001243, 9.996564, 1031, 1016, 15
17830.001737, 10.000494, 990, 969, 21
17840.001321, 9.999584, 968, 950, 18
17850.001779, 10.000458, 918, 894, 24
17860.001269, 9.99949, 932, 905, 27
17870.001237, 9.999968, 1140, 1119, 21
17880.002074, 10.000837, 938, 919, 19
17890.001232, 9.999158, 984, 970, 14
17900.001634, 10.000402, 797, 776, 21
17910.001402, 9.999768, 1063, 1046, 17
17920.001269, 9.999867, 737, 725, 12
17930.001341, 10.000072, 1009, 1000, 9
17940.001382, 10.000041, 966, 944, 22
17950.001299, 9.999917, 814, 802, 12
17960.001325, 10.000026, 873, 854, 19
17970.001471, 10.000146, 687, 666, 21
17980.001335, 9.999864, 971, 960, 11
17990.00127, 9.999935, 901, 893, 8
18000.001629, 10.000359, 857, 839, 18
18010.001208, 9.999579, 861, 847, 14
18020.001489, 10.000281, 820, 805, 15
18030.00126, 9.999771, 791, 775, 16
18040.001416, 10.000156, 736, 724, 12
18050.001236, 9.99982, 1018, 1000, 18
18060.001363, 10.000127, 1045, 1025, 20
18070.001268, 9.999905, 878, 854, 24
18080.001356, 10.000088, 999, 983, 16
18090.001303, 9.999947, 974, 966, 8
18100.001286, 9.999983, 854, 837, 17
18110.001528, 10.000242, 935, 924, 11
18120.001264, 9.999736, 931, 913, 18
18130.001661, 10.000397, 978, 959, 19
18140.001303, 9.999642, 1078, 1063, 15
18150.001705, 10.000402, 1013, 995, 18
18160.001263, 9.999558, 911, 892, 19
18170.001327, 10.000064, 743, 729, 14
18180.001451, 10.000124, 833, 819, 14
18190.001266, 9.999815, 975, 958, 17
18200.001643, 10.000377, 853, 837, 16
18210.001371, 9.999728, 845, 828, 17
18220.007454, 10.006083, 928, 911, 17
18230.001251, 9.993797, 978, 959, 19
18240.001327, 10.000076, 1050, 1037, 13
18250.001227, 9.9999, 1081, 1063, 18
18260.001634, 10.000407, 809, 786, 23
18270.001323, 9.999689, 920, 909, 11
18280.001425, 10.000102, 823, 813, 10
18290.002009, 10.000584, 804, 793, 11
18300.001254, 9.999245, 983, 963, 20
18310.002368, 10.001114, 1035, 1020, 15
18320.001417, 9.999049, 913, 887, 26
18330.001273, 9.999856, 986, 967, 19
18340.001378, 10.000105, 996, 979, 17
18350.004003, 10.002625, 946, 933, 13
18360.001404, 9.997401, 864, 839, 25
18370.001318, 9.999914, 851, 835, 16
18380.001267, 9.999949, 1067, 1052, 15
18390.001311, 10.000044, 955, 942, 13
18400.001275, 9.999964, 1085, 1060, 25
18410.001392, 10.000117, 914, 892, 22
18420.001486, 10.000094, 835, 811, 24
18430.001411, 9.999925, 859, 847, 12
18440.001316, 9.999905, 843, 832, 11
18450.001463, 10.000147, 932, 916, 16
18460.001317, 9.999854, 947, 935, 12
18470.00191, 10.000593, 862, 842, 20
18480.001336, 9.999426, 907, 890, 17
18490.002064, 10.000728, 795, 770, 25
18500.001033, 9.998969, 988, 974, 14
18510.001346, 10.000313, 1030, 1006, 24
18520.001286, 9.99994, 843, 826, 17
18530.001226, 9.99994, 996, 976, 20
18540.001258, 10.000032, 954, 930, 24
18550.001878, 10.00062, 993, 975, 18
18560.001315, 9.999437, 957, 932, 25
18570.001277, 9.999962, 795, 773, 22
18580.001533, 10.000256, 949, 940, 9
18590.001356, 9.999823, 875, 867, 8
18600.001298, 9.999942, 869, 846, 23
18610.001612, 10.000314, 696, 681, 15
18620.001246, 9.999634, 975, 959, 16
18630.00133, 10.000084, 626, 610, 16
18640.001309, 9.999979, 926, 917, 9
18650.00137, 10.000061, 856, 842, 14
18660.001328, 9.999958, 1014, 1000, 14
18670.001267, 9.999939, 913, 899, 14
18680.001609, 10.000342, 982, 967, 15
18690.001408, 9.999799, 964, 949, 15
18700.001347, 9.999939, 961, 942, 19
18710.001811, 10.000464, 933, 919, 14
18720.001417, 9.999606, 820, 799, 21
18730.00123, 9.999813, 846, 836, 10
18740.001282, 10.000052, 816, 805, 11
18750.001267, 9.999985, 973, 962, 11
18760.001283, 10.000016, 840, 828, 12
18770.002865, 10.001582, 821, 807, 14
18780.001249, 9.998384, 1062, 1045, 17
18790.001335, 10.000086, 942, 924, 18
18800.001287, 9.999952, 841, 820, 21
18810.001741, 10.000454, 981, 968, 13
18820.00125, 9.999509, 886, 863, 23
18830.001246, 9.999996, 870, 859, 11
18840.001861, 10.000615, 1027, 1006, 21
18850.001298, 9.999437, 839, 818, 21
18860.00147, 10.000172, 966, 950, 16
18870.001377, 9.999907, 887, 868, 19
18880.001268, 9.999891, 822, 806, 16
18890.001458, 10.00019, 934, 923, 11
18900.001478, 10.00002, 847, 826, 21
18910.001301, 9.999823, 870, 855, 15
18920.001216, 9.999915, 710, 701, 9
18930.001329, 10.000113, 889, 876, 13
18940.001312, 9.999983, 936, 924, 12
18950.001318, 10.000006, 914, 901, 13
18960.00164, 10.000322, 1002, 984, 18
18970.001296, 9.999656, 1043, 1020, 23
18980.001249, 9.999953, 866, 849, 17
18990.001736, 10.000487, 937, 926, 11
19000.001267, 9.999531, 814, 798, 16
19010.00702, 10.005753, 936, 924, 12
19020.001745, 9.994725, 929, 911, 18
19030.001387, 9.999642, 962, 950, 12
19040.007567, 10.00618, 1002, 975, 27
19050.001389, 9.993822, 991, 977, 14
19060.001312, 9.999923, 1024, 998, 26
19070.001346, 10.000034, 931, 918, 13
19080.001501, 10.000155, 911, 896, 15
19090.001271, 9.99977, 984, 972, 12
19100.001258, 9.999987, 1014, 994, 20
19110.001371, 10.000113, 867, 850, 17
19120.001336, 9.999965, 884, 870, 14
19130.001239, 9.999903, 909, 895, 14
19140.0014, 10.000161, 938, 919, 19
19150.001484, 10.000084, 933, 912, 21
19160.001702, 10.000218, 988, 963, 25
19170.001289, 9.999587, 947, 925, 22
19180.001762, 10.000473, 949, 930, 19
19190.001307, 9.999545, 905, 892, 13
19200.001406, 10.000099, 1012, 993, 19
19210.002499, 10.001093, 926, 907, 19
19220.00234, 9.999841, 1007, 985, 22
19230.001249, 9.998909, 988, 965, 23
19240.001277, 10.000028, 853, 843, 10
19250.011011, 10.009734, 892, 874, 18
19260.001518, 9.990507, 947, 931, 16
19270.001261, 9.999743, 1059, 1039, 20
19280.001457, 10.000196, 791, 767, 24
19290.001288, 9.999831, 1034, 1010, 24
19300.003424, 10.002136, 899, 889, 10
19310.001283, 9.997859, 899, 885, 14
19320.001559, 10.000276, 1041, 1023, 18
19330.001337, 9.999778, 940, 925, 15
19340.001352, 10.000015, 921, 910, 11
19350.001255, 9.999903, 980, 961, 19
19360.002416, 10.001161, 948, 929, 19
19370.001289, 9.998873, 879, 858, 21
19380.001346, 10.000057, 957, 944, 13
19390.001304, 9.999958, 847, 832, 15
19400.001287, 9.999983, 806, 784, 22
19410.001363, 10.000076, 901, 883, 18
19420.00125, 9.999887, 846, 830, 16
19430.002584, 10.001334, 807, 798, 9
19440.001375, 9.998791, 1018, 1004, 14
19450.001303, 9.999928, 1061, 1040, 21
19460.001302, 9.999999, 1001, 982, 19
19470.00127, 9.999968, 917, 904, 13
19480.001488, 10.000218, 890, 873, 17
19490.001258, 9.99977, 982, 966, 16
19500.001269, 10.000011, 924, 909, 15
19510.00128, 10.000011, 897, 881, 16
19520.001314, 10.000034, 974, 951, 23
19530.001507, 10.000193, 903, 890, 13
19540.001249, 9.999742, 986, 980, 6
19550.001491, 10.000242, 1012, 989, 23
19560.001238, 9.999747, 1003, 986, 17
19570.001585, 10.000347, 800, 783, 17
19580.001311, 9.999726, 808, 793, 15
19590.001332, 10.000021, 909, 897, 12
19600.001388, 10.000056, 993, 980, 13
19610.001224, 9.999836, 900, 882, 18
19620.001625, 10.000401, 796, 783, 13
19630.001281, 9.999656, 878, 863, 15
19640.001322, 10.000041, 1080, 1066, 14
19650.001385, 10.000063, 1004, 992, 12
19660.001685, 10.0003, 921, 909, 12
19670.001334, 9.999649, 921, 899, 22
19680.001518, 10.000184, 852, 839, 13
19690.001289, 9.999771, 872, 855, 17
19700.001646, 10.000357, 885, 869, 16
19710.001231, 9.999585, 980, 960, 20
19720.001495, 10.000264, 963, 937, 26
19730.001604, 10.000109, 899, 884, 15
19740.001453, 9.999849, 924, 906, 18
19750.001265, 9.999812, 861, 844, 17
19760.001473, 10.000208, 763, 746, 17
19770.001284, 9.999811, 951, 942, 9
19780.001376, 10.000092, 980, 964, 16
19790.006439, 10.005063, 1058, 1037, 21
19800.003348, 9.996909, 864, 843, 21
19810.001737, 9.998389, 981, 968, 13
19820.001542, 9.999805, 941, 921, 20
19830.008414, 10.006872, 972, 951, 21
19840.001603, 9.993189, 944, 918, 26
19850.001291, 9.999688, 927, 913, 14
19860.001356, 10.000065, 804, 788, 16
19870.001714, 10.000358, 900, 882, 18
19880.001401, 9.999687, 853, 841, 12
19890.010867, 10.009466, 870, 862, 8
19900.001253, 9.990386, 1032, 1009, 23
19910.001595, 10.000342, 1059, 1045, 14
19920.001352, 9.999757, 1002, 976, 26
19930.001321, 9.999969, 1029, 1008, 21
19940.001569, 10.000248, 955, 942, 13
19950.00145, 9.999881, 979, 956, 23
19960.001406, 9.999956, 1057, 1034, 23
19970.001226, 9.99982, 949, 929, 20
19980.005907, 10.004681, 1022, 1004, 18
19990.001336, 9.995429, 911, 892, 19
20000.001757, 10.000421, 939, 920, 19
20010.001479, 9.999722, 962, 941, 21
20020.001407, 9.999928, 931, 918, 13
20030.00122, 9.999813, 1011, 994, 17
20040.001263, 10.000043, 942, 922, 20
20050.002391, 10.001128, 766, 752, 14
20060.001261, 9.99887, 800, 786, 14
20070.001266, 10.000005, 945, 926, 19
20080.001292, 10.000026, 1011, 990, 21
20090.001224, 9.999932, 965, 948, 17
20100.00178, 10.000556, 884, 869, 15
20110.001433, 9.999653, 956, 939, 17
20120.001395, 9.999962, 999, 977, 22
20130.001377, 9.999982, 922, 906, 16
20140.00138, 10.000003, 820, 802, 18
20150.001217, 9.999837, 857, 846, 11
20160.001234, 10.000017, 1061, 1046, 15
20170.002883, 10.001649, 1004, 989, 15
20180.001545, 9.998662, 892, 876, 16
20190.001263, 9.999718, 1106, 1094, 12
20200.001209, 9.999946, 896, 879, 17
20210.001318, 10.000109, 975, 952, 23
20220.001463, 10.000145, 1045, 1020, 25
20230.002373, 10.00091, 979, 962, 17
20240.001267, 9.998894, 1007, 992, 15
20250.001532, 10.000265, 835, 821, 14
20260.001792, 10.00026, 985, 971, 14
20270.015534, 10.013742, 907, 889, 18
20280.001402, 9.985868, 776, 764, 12
20290.001271, 9.999869, 960, 946, 14
20300.001347, 10.000076, 884, 873, 11
20310.001582, 10.000235, 858, 840, 18
20320.001264, 9.999682, 837, 824, 13
20330.001675, 10.000411, 727, 717, 10
20340.001267, 9.999592, 988, 975, 13
20350.001849, 10.000582, 954, 941, 13
20360.001346, 9.999497, 791, 780, 11
20370.001251, 9.999905, 865, 848, 17
20380.001298, 10.000047, 821, 809, 12
20390.001358, 10.00006, 928, 911, 17
20400.001562, 10.000204, 971, 947, 24
20410.001231, 9.999669, 877, 850, 27
20420.001311, 10.00008, 878, 855, 23
20430.001476, 10.000165, 1042, 1024, 18
20440.001477, 10.000001, 939, 921, 18
20450.001252, 9.999775, 949, 929, 20
20460.001305, 10.000053, 896, 879, 17
20470.001395, 10.00009, 811, 795, 16
20480.001248, 9.999853, 821, 808, 13
20490.002205, 10.000957, 826, 807, 19
20500.000453, 9.998248, 878, 870, 8
20510.001392, 10.000939, 927, 910, 17
20520.00136, 9.999968, 816, 806, 10
20530.001358, 9.999998, 907, 887, 20
20540.001533, 10.000175, 1019, 999, 20
20550.001605, 10.000072, 837, 815, 22
20560.001222, 9.999617, 923, 911, 12
20570.001702, 10.00048, 800, 784, 16
20580.001356, 9.999654, 667, 651, 16
20590.001379, 10.000023, 855, 841, 14
20600.002332, 10.000953, 1027, 1019, 8
20610.001522, 9.99919, 738, 720, 18
20620.001285, 9.999763, 911, 894, 17
20630.001297, 10.000012, 1006, 998, 8
20640.001429, 10.000132, 929, 912, 17
20650.001622, 10.000193, 824, 805, 19
20660.001266, 9.999644, 968, 951, 17
20670.002384, 10.001118, 903, 884, 19
20680.001349, 9.998965, 940, 925, 15
20690.001467, 10.000118, 868, 848, 20
20700.002552, 10.001085, 890, 868, 22
20710.001479, 9.998927, 937, 919, 18
20720.001248, 9.999769, 945, 934, 11
20730.001224, 9.999976, 890, 872, 18
20740.001628, 10.000404, 927, 909, 18
20750.001849, 10.000221, 984, 965, 19
20760.001376, 9.999527, 776, 755, 21
20770.001565, 10.000189, 779, 772, 7
20780.001819, 10.000254, 1006, 988, 18
20790.001253, 9.999434, 910, 885, 25
20800.001331, 10.000078, 847, 829, 18
20810.002225, 10.000894, 967, 954, 13
20820.001267, 9.999042, 871, 850, 21
20830.00281, 10.001543, 902, 889, 13
20840.001269, 9.998459, 894, 884, 10
20850.001248, 9.999979, 819, 802, 17
20860.001258, 10.00001, 988, 977, 11
20870.001341, 10.000083, 835, 826, 9
20880.001253, 9.999912, 1083, 1068, 15
20890.001525, 10.000272, 828, 807, 21
20900.001393, 9.999868, 935, 921, 14
20910.001282, 9.999889, 982, 964, 18
20920.001564, 10.000282, 945, 919, 26
20930.001299, 9.999735, 795, 782, 13
20940.001265, 9.999966, 914, 900, 14
20950.001227, 9.999962, 918, 894, 24
20960.00171, 10.000483, 849, 834, 15
20970.001326, 9.999616, 653, 644, 9
20980.001638, 10.000312, 710, 704, 6
20990.001324, 9.999686, 914, 903, 11
21000.00182, 10.000496, 876, 856, 20
21010.014773, 10.012953, 901, 886, 15
21020.002948, 9.988175, 902, 887, 15
21030.003063, 10.000115, 1068, 1050, 18
21040.000631, 9.997568, 1063, 1046, 17
21050.001417, 10.000786, 995, 970, 25
21060.00127, 9.999853, 817, 797, 20
21070.001267, 9.999997, 930, 918, 12
21080.00129, 10.000023, 981, 967, 14
21090.001333, 10.000043, 983, 967, 16
21100.001265, 9.999932, 943, 935, 8
21110.002061, 10.000796, 853, 840, 13
21120.000232, 9.998171, 850, 844, 6
21130.001262, 10.00103, 907, 896, 11
21140.00167, 10.000408, 879, 867, 12
21150.00127, 9.9996, 970, 957, 13
21160.00126, 9.99999, 941, 931, 10
21170.001266, 10.000006, 678, 664, 14
21180.001508, 10.000242, 869, 856, 13
21190.001397, 9.999889, 956, 947, 9
21200.001339, 9.999942, 846, 824, 22
21210.001376, 10.000037, 978, 968, 10
21220.001381, 10.000005, 983, 966, 17
21230.001318, 9.999937, 1007, 990, 17
21240.001232, 9.999914, 871, 851, 20
21250.00163, 10.000398, 804, 788, 16
21260.001259, 9.999629, 974, 959, 15
21270.002551, 10.001292, 946, 928, 18
21280.00173, 9.999179, 950, 941, 9
21290.001277, 9.999547, 827, 814, 13
21300.001444, 10.000167, 804, 787, 17
21310.001353, 9.999909, 813, 800, 13
21320.001374, 10.000021, 801, 794, 7
21330.001214, 9.99984, 833, 822, 11
21340.001561, 10.000347, 792, 785, 7
21350.001318, 9.999757, 793, 784, 9
21360.002012, 10.000694, 972, 955, 17
21370.001466, 9.999454, 995, 983, 12
21380.00124, 9.999774, 910, 890, 20
21390.001331, 10.000091, 718, 708, 10
21400.001263, 9.999932, 975, 969, 6
21410.001989, 10.000726, 826, 817, 9
21420.001209, 9.99922, 1030, 1009, 21
21430.001263, 10.000054, 836, 823, 13
21440.001273, 10.00001, 748, 734, 14
21450.00125, 9.999977, 940, 930, 10
21460.001265, 10.000015, 712, 700, 12
21470.001283, 10.000018, 641, 628, 13
21480.002155, 10.000872, 705, 698, 7
21490.000364, 9.998209, 1024, 1011, 13
21500.001245, 10.000881, 1016, 998, 18
21510.001377, 10.000132, 963, 946, 17
21520.001244, 9.999867, 925, 910, 15
21530.001356, 10.000112, 637, 627, 10
21540.00194, 10.000584, 599, 587, 12
21550.001452, 9.999512, 733, 724, 9
21560.001243, 9.999791, 1022, 1013, 9
21570.006421, 10.005178, 843, 835, 8
21580.001249, 9.994828, 776, 767, 9
21590.001364, 10.000115, 940, 920, 20
21600.001439, 10.000075, 1053, 1040, 13
21601.01336, 1.011921, 72, 68, 4
