elapsed, window, total, successful, failed
10.000908, 10.000908, 609, 609, 0
20.003075, 10.002167, 798, 796, 2
30.000698, 9.997623, 899, 877, 22
40.001669, 10.000971, 584, 566, 18
50.001769, 10.0001, 719, 708, 11
60.001875, 10.000106, 771, 755, 16
70.001695, 9.99982, 717, 705, 12
80.001805, 10.00011, 770, 749, 21
90.001719, 9.999914, 859, 842, 17
100.001783, 10.000064, 806, 783, 23
110.001733, 9.99995, 817, 793, 24
120.001726, 9.999993, 671, 653, 18
130.001699, 9.999973, 806, 791, 15
140.001681, 9.999982, 583, 568, 15
150.001928, 10.000247, 799, 789, 10
160.001703, 9.999775, 757, 735, 22
170.001789, 10.000086, 820, 807, 13
180.001764, 9.999975, 881, 863, 18
190.001768, 10.000004, 804, 788, 16
200.001989, 10.000221, 904, 875, 29
210.001846, 9.999857, 794, 785, 9
220.001854, 10.000008, 748, 722, 26
230.001871, 10.000017, 702, 682, 20
240.00176, 9.999889, 907, 891, 16
250.00215, 10.00039, 834, 816, 18
260.000682, 9.998532, 818, 799, 19
270.001694, 10.001012, 868, 845, 23
280.001677, 9.999983, 874, 854, 20
290.001999, 10.000322, 672, 657, 15
300.002178, 10.000179, 638, 625, 13
310.000705, 9.998527, 857, 837, 20
320.001758, 10.001053, 853, 837, 16
330.001716, 9.999958, 839, 812, 27
340.001807, 10.000091, 630, 614, 16
350.002082, 10.000275, 636, 619, 17
360.000882, 9.9988, 911, 894, 17
370.001714, 10.000832, 788, 771, 17
380.002386, 10.000672, 635, 618, 17
390.000796, 9.99841, 731, 710, 21
400.003273, 10.002477, 862, 839, 23
410.001712, 9.998439, 729, 712, 17
420.00193, 10.000218, 791, 770, 21
430.00171, 9.99978, 743, 722, 21
440.001737, 10.000027, 760, 741, 19
450.001761, 10.000024, 766, 747, 19
460.001982, 10.000221, 809, 797, 12
470.001888, 9.999906, 798, 779, 19
480.001712, 9.999824, 798, 779, 19
490.001761, 10.000049, 720, 708, 12
500.001815, 10.000054, 859, 844, 15
510.001876, 10.000061, 821, 802, 19
520.001778, 9.999902, 817, 797, 20
530.002013, 10.000235, 799, 776, 23
540.001828, 9.999815, 792, 781, 11
550.001855, 10.000027, 849, 829, 20
560.001771, 9.999916, 749, 733, 16
570.00169, 9.999919, 1000, 983, 17
580.001802, 10.000112, 971, 953, 18
590.001805, 10.000003, 953, 927, 26
600.001736, 9.999931, 812, 790, 22
610.001666, 9.99993, 791, 772, 19
620.001759, 10.000093, 721, 704, 17
630.002283, 10.000524, 789, 775, 14
640.001663, 9.99938, 751, 726, 25
650.003004, 10.001341, 646, 634, 12
660.001694, 9.99869, 736, 724, 12
670.001705, 10.000011, 787, 779, 8
680.001715, 10.00001, 819, 797, 22
690.00168, 9.999965, 682, 653, 29
700.001686, 10.000006, 770, 747, 23
710.002022, 10.000336, 626, 609, 17
720.001821, 9.999799, 670, 655, 15
730.001792, 9.999971, 585, 575, 10
740.001695, 9.999903, 730, 715, 15
750.002935, 10.00124, 907, 883, 24
760.00174, 9.998805, 845, 822, 23
770.001752, 10.000012, 767, 746, 21
780.001746, 9.999994, 787, 763, 24
790.002047, 10.000301, 623, 613, 10
800.001848, 9.999801, 765, 744, 21
810.002153, 10.000305, 791, 784, 7
820.000789, 9.998636, 768, 753, 15
830.001698, 10.000909, 718, 701, 17
840.001682, 9.999984, 741, 716, 25
850.001732, 10.00005, 666, 655, 11
860.001811, 10.000079, 840, 824, 16
870.001781, 9.99997, 736, 719, 17
880.001695, 9.999914, 708, 689, 19
890.001908, 10.000213, 633, 616, 17
900.001842, 9.999934, 795, 783, 12
910.001931, 10.000089, 839, 821, 18
920.00334, 10.001409, 739, 719, 20
930.000815, 9.997475, 689, 675, 14
940.003599, 10.002784, 840, 823, 17
950.00071, 9.997111, 750, 728, 22
960.001797, 10.001087, 778, 760, 18
970.001705, 9.999908, 877, 853, 24
980.001713, 10.000008, 856, 829, 27
990.001805, 10.000092, 789, 768, 21
1000.001878, 10.000073, 782, 760, 22
1010.00179, 9.999912, 907, 892, 15
1020.001761, 9.999971, 856, 845, 11
1030.00168, 9.999919, 759, 735, 24
1040.001905, 10.000225, 796, 775, 21
1050.001803, 9.999898, 708, 689, 19
1060.001805, 10.000002, 808, 790, 18
1070.001813, 10.000008, 929, 909, 20
1080.001711, 9.999898, 828, 807, 21
1090.001863, 10.000152, 829, 813, 16
1100.001901, 10.000038, 869, 848, 21
1110.001813, 9.999912, 862, 841, 21
1120.001686, 9.999873, 799, 772, 27
1130.0017, 10.000014, 664, 641, 23
1140.005229, 10.003529, 838, 816, 22
1150.00136, 9.996131, 846, 831, 15
1160.00089, 9.99953, 738, 721, 17
1170.001689, 10.000799, 744, 724, 20
1180.001741, 10.000052, 775, 762, 13
1190.002038, 10.000297, 860, 838, 22
1200.000713, 9.998675, 832, 805, 27
1210.00175, 10.001037, 590, 576, 14
1220.001712, 9.999962, 824, 809, 15
1230.00182, 10.000108, 857, 840, 17
1240.002151, 10.000331, 761, 733, 28
1250.00254, 10.000389, 855, 829, 26
1260.000753, 9.998213, 740, 708, 32
1270.001709, 10.000956, 944, 921, 23
1280.001875, 10.000166, 788, 770, 18
1290.001736, 9.999861, 704, 681, 23
1300.001935, 10.000199, 774, 759, 15
1310.001817, 9.999882, 799, 781, 18
1320.003412, 10.001595, 842, 828, 14
1330.000786, 9.997374, 848, 827, 21
1340.001734, 10.000948, 786, 766, 20
1350.001695, 9.999961, 737, 706, 31
1360.001686, 9.999991, 831, 814, 17
1370.001826, 10.00014, 749, 717, 32
1380.001723, 9.999897, 749, 727, 22
1390.001803, 10.00008, 785, 773, 12
1400.00181, 10.000007, 652, 632, 20
1410.001815, 10.000005, 668, 657, 11
1420.001739, 9.999924, 747, 727, 20
1430.005952, 10.004213, 736, 720, 16
1440.001836, 9.995884, 695, 684, 11
1450.001851, 10.000015, 745, 722, 23
1460.001679, 9.999828, 640, 628, 12
1470.001749, 10.00007, 656, 640, 16
1480.00216, 10.000411, 621, 603, 18
1490.001807, 9.999647, 699, 691, 8
1500.002692, 10.000885, 742, 729, 13
1510.001724, 9.999032, 655, 639, 16
1520.001681, 9.999957, 790, 774, 16
1530.001693, 10.000012, 847, 830, 17
1540.001999, 10.000306, 679, 655, 24
1550.001716, 9.999717, 631, 621, 10
1560.001708, 9.999992, 656, 646, 10
1570.001724, 10.000016, 724, 712, 12
1580.001738, 10.000014, 630, 612, 18
1590.001825, 10.000087, 749, 736, 13
1600.001711, 9.999886, 670, 653, 17
1610.00179, 10.000079, 787, 769, 18
1620.001929, 10.000139, 809, 797, 12
1630.001718, 9.999789, 763, 741, 22
1640.004026, 10.002308, 743, 728, 15
1650.002034, 9.998008, 832, 809, 23
1660.001681, 9.999647, 777, 759, 18
1670.001745, 10.000064, 758, 740, 18
1680.001975, 10.00023, 767, 751, 16
1690.003873, 10.001898, 763, 741, 22
1700.001758, 9.997885, 764, 748, 16
1710.001704, 9.999946, 651, 637, 14
1720.001683, 9.999979, 709, 694, 15
1730.002035, 10.000352, 625, 608, 17
1740.001737, 9.999702, 844, 831, 13
1750.001877, 10.00014, 753, 739, 14
1760.001876, 9.999999, 842, 822, 20
1770.002517, 10.000641, 754, 730, 24
1780.000808, 9.998291, 788, 768, 20
1790.001779, 10.000971, 765, 738, 27
1800.001899, 10.00012, 640, 620, 20
1810.001817, 9.999918, 771, 755, 16
1820.002259, 10.000442, 888, 871, 17
1830.001809, 9.99955, 639, 619, 20
1840.001822, 10.000013, 759, 743, 16
1850.001674, 9.999852, 729, 715, 14
1860.001767, 10.000093, 703, 683, 20
1870.001918, 10.000151, 893, 867, 26
1880.001821, 9.999903, 821, 795, 26
1890.00168, 9.999859, 709, 681, 28
1900.001696, 10.000016, 644, 629, 15
1910.001711, 10.000015, 665, 652, 13
1920.00202, 10.000309, 826, 807, 19
1930.001697, 9.999677, 602, 582, 20
1940.002189, 10.000492, 568, 557, 11
1950.000683, 9.998494, 567, 556, 11
1960.001714, 10.001031, 724, 712, 12
1970.001723, 10.000009, 691, 674, 17
1980.001818, 10.000095, 609, 593, 16
1990.002055, 10.000237, 500, 489, 11
2000.001028, 9.998973, 784, 772, 12
2010.00168, 10.000652, 859, 838, 21
2020.001672, 9.999992, 808, 788, 20
2030.002033, 10.000361, 738, 723, 15
2040.000689, 9.998656, 679, 667, 12
2050.00173, 10.001041, 845, 830, 15
2060.001708, 9.999978, 598, 578, 20
2070.001795, 10.000087, 685, 676, 9
2080.001808, 10.000013, 826, 812, 14
2090.00182, 10.000012, 718, 694, 24
2100.002099, 10.000279, 688, 669, 19
2110.00069, 9.998591, 924, 910, 14
2120.001789, 10.001099, 894, 870, 24
2130.001885, 10.000096, 848, 824, 24
2140.001669, 9.999784, 777, 753, 24
2150.001726, 10.000057, 710, 690, 20
2160.001752, 10.000026, 631, 618, 13
2170.00168, 9.999928, 662, 645, 17
2180.001708, 10.000028, 727, 712, 15
2190.001675, 9.999967, 565, 547, 18
2200.001945, 10.00027, 785, 776, 9
2210.002277, 10.000332, 634, 614, 20
2220.000998, 9.998721, 664, 649, 15
2230.001698, 10.0007, 632, 621, 11
2240.001886, 10.000188, 600, 589, 11
2250.001677, 9.999791, 659, 648, 11
2260.001924, 10.000247, 667, 649, 18
2270.001698, 9.999774, 736, 722, 14
2280.002193, 10.000495, 684, 669, 15
2290.000756, 9.998563, 615, 602, 13
2300.001756, 10.001, 766, 751, 15
2310.002484, 10.000728, 773, 755, 18
2320.000799, 9.998315, 774, 757, 17
2330.001917, 10.001118, 808, 786, 22
2340.001699, 9.999782, 908, 880, 28
2350.001696, 9.999997, 702, 678, 24
2360.001721, 10.000025, 858, 836, 22
2370.001715, 9.999994, 693, 674, 19
2380.001819, 10.000104, 816, 806, 10
2390.001686, 9.999867, 941, 924, 17
2400.001751, 10.000065, 766, 748, 18
2410.001719, 9.999968, 895, 865, 30
2420.002309, 10.00059, 774, 751, 23
2430.00068, 9.998371, 813, 795, 18
2440.001709, 10.001029, 660, 638, 22
2450.001781, 10.000072, 664, 652, 12
2460.001724, 9.999943, 622, 607, 15
2470.002005, 10.000281, 706, 691, 15
2480.013244, 10.011239, 793, 783, 10
2490.000803, 9.987559, 730, 707, 23
2500.001836, 10.001033, 733, 716, 17
2510.0018, 9.999964, 812, 789, 23
2520.001792, 9.999992, 655, 646, 9
2530.001699, 9.999907, 830, 806, 24
2540.001801, 10.000102, 839, 822, 17
2550.001748, 9.999947, 763, 746, 17
2560.001656, 9.999908, 782, 763, 19
2570.001818, 10.000162, 881, 859, 22
2580.001706, 9.999888, 775, 756, 19
2590.001725, 10.000019, 602, 577, 25
2600.001709, 9.999984, 610, 595, 15
2610.001922, 10.000213, 842, 817, 25
2620.001717, 9.999795, 612, 601, 11
2630.001835, 10.000118, 770, 753, 17
2640.001705, 9.99987, 820, 806, 14
2650.001873, 10.000168, 596, 573, 23
2660.002089, 10.000216, 656, 643, 13
2670.001821, 9.999732, 792, 778, 14
2680.001702, 9.999881, 677, 659, 18
2690.00391, 10.002208, 562, 551, 11
2700.001708, 9.997798, 679, 670, 9
2710.003508, 10.0018, 581, 568, 13
2720.000884, 9.997376, 657, 646, 11
2730.001675, 10.000791, 631, 623, 8
2740.001705, 10.00003, 862, 841, 21
2750.001893, 10.000188, 748, 722, 26
2760.001779, 9.999886, 774, 755, 19
2770.001834, 10.000055, 620, 603, 17
2780.001678, 9.999844, 702, 687, 15
2790.001726, 10.000048, 654, 645, 9
2800.001786, 10.00006, 756, 738, 18
2810.002282, 10.000496, 671, 651, 20
2820.000706, 9.998424, 477, 463, 14
2830.001698, 10.000992, 621, 609, 12
2840.001774, 10.000076, 513, 508, 5
2850.001711, 9.999937, 584, 569, 15
2860.001826, 10.000115, 814, 808, 6
2870.00171, 9.999884, 669, 656, 13
2880.002165, 10.000455, 732, 719, 13
2890.000669, 9.998504, 811, 795, 16
2900.001816, 10.001147, 864, 846, 18
2910.004917, 10.003101, 699, 677, 22
2920.000877, 9.99596, 720, 693, 27
2930.001711, 10.000834, 782, 765, 17
2940.00171, 9.999999, 840, 818, 22
2950.001675, 9.999965, 736, 715, 21
2960.001671, 9.999996, 758, 744, 14
2970.001698, 10.000027, 690, 670, 20
2980.001665, 9.999967, 775, 761, 14
2990.001711, 10.000046, 590, 579, 11
3000.00175, 10.000039, 585, 567, 18
3010.00221, 10.00046, 716, 699, 17
3020.000747, 9.998537, 807, 790, 17
3030.001851, 10.001104, 647, 632, 15
3040.001706, 9.999855, 649, 635, 14
3050.001717, 10.000011, 670, 660, 10
3060.001695, 9.999978, 603, 590, 13
3070.00178, 10.000085, 677, 665, 12
3080.00171, 9.99993, 763, 754, 9
3090.003788, 10.002078, 502, 490, 12
3100.001711, 9.997923, 450, 435, 15
3110.001778, 10.000067, 559, 551, 8
3120.001709, 9.999931, 596, 586, 10
3130.001891, 10.000182, 724, 700, 24
3140.002836, 10.000945, 711, 700, 11
3150.001919, 9.999083, 639, 625, 14
3160.00173, 9.999811, 772, 757, 15
3170.001876, 10.000146, 809, 795, 14
3180.001682, 9.999806, 668, 651, 17
3190.001696, 10.000014, 784, 763, 21
3200.001718, 10.000022, 851, 830, 21
3210.001722, 10.000004, 801, 785, 16
3220.001699, 9.999977, 804, 790, 14
3230.004467, 10.002768, 727, 709, 18
3240.00071, 9.996243, 701, 688, 13
3250.001818, 10.001108, 833, 823, 10
3260.001689, 9.999871, 763, 741, 22
3270.001851, 10.000162, 641, 615, 26
3280.001689, 9.999838, 668, 650, 18
3290.002547, 10.000858, 691, 676, 15
3300.000826, 9.998279, 595, 582, 13
3310.00178, 10.000954, 615, 600, 15
3320.001673, 9.999893, 785, 776, 9
3330.002098, 10.000425, 740, 720, 20
3340.000713, 9.998615, 665, 640, 25
3350.001761, 10.001048, 634, 615, 19
3360.001786, 10.000025, 753, 749, 4
3370.001738, 9.999952, 672, 661, 11
3380.0017, 9.999962, 777, 764, 13
3390.001699, 9.999999, 557, 545, 12
3400.001768, 10.000069, 631, 620, 11
3410.001899, 10.000131, 661, 652, 9
3420.001685, 9.999786, 470, 457, 13
3430.001827, 10.000142, 842, 831, 11
3440.001766, 9.999939, 750, 736, 14
3450.001847, 10.000081, 706, 690, 16
3460.001774, 9.999927, 595, 571, 24
3470.00227, 10.000496, 710, 697, 13
3480.00071, 9.99844, 659, 655, 4
3490.00177, 10.00106, 789, 775, 14
3500.001995, 10.000225, 697, 675, 22
3510.002704, 10.000709, 771, 752, 19
3520.001701, 9.998997, 727, 712, 15
3530.001737, 10.000036, 726, 717, 9
3540.002097, 10.00036, 679, 659, 20
3550.002364, 10.000267, 674, 666, 8
3560.000743, 9.998379, 674, 652, 22
3570.001803, 10.00106, 713, 697, 16
3580.001918, 10.000115, 684, 667, 17
3590.001861, 9.999943, 608, 598, 10
3600.001663, 9.999802, 677, 659, 18
3610.004718, 10.003055, 668, 653, 15
3620.001701, 9.996983, 790, 778, 12
3630.001797, 10.000096, 743, 726, 17
3640.001901, 10.000104, 742, 726, 16
3650.002314, 10.000413, 826, 806, 20
3660.000669, 9.998355, 812, 783, 29
3670.001781, 10.001112, 746, 738, 8
3680.001801, 10.00002, 741, 726, 15
3690.001763, 9.999962, 784, 772, 12
3700.00173, 9.999967, 730, 711, 19
3710.001839, 10.000109, 798, 784, 14
3720.001716, 9.999877, 759, 742, 17
3730.001662, 9.999946, 724, 706, 18
3740.001715, 10.000053, 794, 774, 20
3750.001811, 10.000096, 594, 580, 14
3760.003881, 10.00207, 646, 631, 15
3770.001693, 9.997812, 676, 662, 14
3780.001674, 9.999981, 774, 761, 13
3790.001785, 10.000111, 808, 788, 20
3800.001692, 9.999907, 565, 546, 19
3810.001827, 10.000135, 624, 619, 5
3820.001807, 9.99998, 679, 671, 8
3830.001719, 9.999912, 708, 699, 9
3840.002167, 10.000448, 782, 767, 15
3850.001845, 9.999678, 821, 807, 14
3860.001685, 9.99984, 608, 594, 14
3870.008763, 10.007078, 557, 542, 15
3880.001809, 9.993046, 688, 670, 18
3890.002091, 10.000282, 718, 711, 7
3900.002537, 10.000446, 813, 793, 20
3910.000765, 9.998228, 739, 723, 16
3920.001858, 10.001093, 864, 835, 29
3930.001711, 9.999853, 792, 779, 13
3940.001815, 10.000104, 646, 625, 21
3950.001941, 10.000126, 747, 737, 10
3960.001863, 9.999922, 704, 687, 17
3970.001702, 9.999839, 724, 707, 17
3980.001761, 10.000059, 701, 687, 14
3990.001711, 9.99995, 687, 671, 16
4000.001729, 10.000018, 679, 667, 12
4010.001715, 9.999986, 632, 619, 13
4020.00171, 9.999995, 666, 651, 15
4030.001713, 10.000003, 785, 768, 17
4040.001951, 10.000238, 582, 569, 13
4050.003542, 10.001591, 702, 690, 12
4060.000686, 9.997144, 696, 678, 18
4070.001713, 10.001027, 505, 491, 14
4080.002595, 10.000882, 660, 650, 10
4090.000955, 9.99836, 667, 655, 12
4100.001684, 10.000729, 684, 673, 11
4110.002015, 10.000331, 730, 709, 21
4120.001854, 9.999839, 740, 728, 12
4130.002466, 10.000612, 636, 619, 17
4140.000699, 9.998233, 748, 739, 9
4150.00176, 10.001061, 896, 880, 16
4160.003242, 10.001482, 822, 802, 20
4170.000686, 9.997444, 716, 699, 17
4180.001771, 10.001085, 804, 786, 18
4190.001777, 10.000006, 828, 804, 24
4200.001705, 9.999928, 532, 521, 11
4210.003753, 10.002048, 708, 686, 22
4220.001747, 9.997994, 785, 775, 10
4230.001762, 10.000015, 790, 775, 15
4240.002032, 10.00027, 811, 789, 22
4250.001658, 9.999626, 733, 714, 19
4260.002299, 10.000641, 850, 831, 19
4270.00086, 9.998561, 736, 715, 21
4280.002722, 10.001862, 811, 794, 17
4290.002228, 9.999506, 788, 769, 19
4300.00071, 9.998482, 714, 700, 14
4310.002025, 10.001315, 719, 701, 18
4320.001684, 9.999659, 805, 790, 15
4330.001773, 10.000089, 803, 780, 23
4340.001714, 9.999941, 543, 526, 17
4350.003978, 10.002264, 726, 714, 12
4360.002442, 9.998464, 790, 770, 20
4370.000899, 9.998457, 718, 698, 20
4380.001717, 10.000818, 808, 793, 15
4390.00183, 10.000113, 486, 466, 20
4400.003294, 10.001464, 625, 610, 15
4410.000664, 9.99737, 748, 738, 10
4420.001808, 10.001144, 640, 624, 16
4430.001669, 9.999861, 594, 584, 10
4440.001684, 10.000015, 645, 634, 11
4450.001966, 10.000282, 725, 716, 9
4460.001712, 9.999746, 689, 675, 14
4470.001713, 10.000001, 587, 574, 13
4480.001689, 9.999976, 621, 617, 4
4490.001677, 9.999988, 737, 722, 15
4500.00181, 10.000133, 573, 560, 13
4510.001689, 9.999879, 636, 623, 13
4520.001705, 10.000016, 817, 803, 14
4530.001833, 10.000128, 645, 626, 19
4540.001742, 9.999909, 577, 559, 18
4550.001782, 10.00004, 707, 691, 16
4560.002267, 10.000485, 640, 632, 8
4570.00074, 9.998473, 752, 728, 24
4580.00182, 10.00108, 683, 667, 16
4590.002233, 10.000413, 651, 635, 16
4600.000954, 9.998721, 640, 632, 8
4610.001738, 10.000784, 703, 687, 16
4620.001703, 9.999965, 766, 744, 22
4630.001679, 9.999976, 791, 772, 19
4640.001701, 10.000022, 666, 656, 10
4650.002042, 10.000341, 621, 608, 13
4660.000906, 9.998864, 683, 669, 14
4670.00169, 10.000784, 719, 705, 14
4680.00171, 10.00002, 725, 713, 12
4690.001718, 10.000008, 759, 742, 17
4700.001718, 10.0, 812, 793, 19
4710.001987, 10.000269, 796, 775, 21
4720.001734, 9.999747, 707, 688, 19
4730.001817, 10.000083, 555, 544, 11
4740.00169, 9.999873, 596, 582, 14
4750.001822, 10.000132, 581, 572, 9
4760.005175, 10.003353, 711, 695, 16
4770.00109, 9.995915, 532, 525, 7
4780.002717, 10.001627, 694, 681, 13
4790.001669, 9.998952, 477, 466, 11
4800.001828, 10.000159, 593, 580, 13
4810.001897, 10.000069, 629, 616, 13
4820.001915, 10.000018, 707, 686, 21
4830.001726, 9.999811, 722, 702, 20
4840.001858, 10.000132, 651, 635, 16
4850.001881, 10.000023, 782, 771, 11
4860.001773, 9.999892, 663, 652, 11
4870.001778, 10.000005, 781, 765, 16
4880.001783, 10.000005, 661, 645, 16
4890.001713, 9.99993, 787, 768, 19
4900.00174, 10.000027, 645, 623, 22
4910.006672, 10.004932, 746, 736, 10
4920.001019, 9.994347, 628, 616, 12
4930.00165, 10.000631, 857, 843, 14
4940.001741, 10.000091, 582, 570, 12
4950.001775, 10.000034, 709, 694, 15
4960.00184, 10.000065, 718, 696, 22
4970.001707, 9.999867, 722, 710, 12
4980.001778, 10.000071, 647, 634, 13
4990.001807, 10.000029, 601, 588, 13
5000.001914, 10.000107, 868, 855, 13
5010.001665, 9.999751, 666, 649, 17
5020.00187, 10.000205, 822, 804, 18
5030.002004, 10.000134, 620, 599, 21
5040.002015, 10.000011, 679, 669, 10
5050.001663, 9.999648, 639, 626, 13
5060.001715, 10.000052, 777, 764, 13
5070.001646, 9.999931, 779, 757, 22
5080.001827, 10.000181, 804, 783, 21
5090.002046, 10.000219, 719, 705, 14
5100.000928, 9.998882, 651, 631, 20
5110.001692, 10.000764, 585, 572, 13
5120.002225, 10.000533, 602, 591, 11
5130.000841, 9.998616, 723, 707, 16
5140.001696, 10.000855, 634, 620, 14
5150.001793, 10.000097, 600, 586, 14
5160.002057, 10.000264, 704, 691, 13
5170.000686, 9.998629, 617, 595, 22
5180.001712, 10.001026, 746, 739, 7
5190.001709, 9.999997, 636, 619, 17
5200.001978, 10.000269, 492, 479, 13
5210.001899, 9.999921, 656, 644, 12
5220.001898, 9.999999, 606, 592, 14
5230.00171, 9.999812, 740, 725, 15
5240.001706, 9.999996, 555, 541, 14
5250.001696, 9.99999, 791, 777, 14
5260.002291, 10.000595, 619, 601, 18
5270.001918, 9.999627, 746, 728, 18
5280.002028, 10.00011, 699, 688, 11
5290.00167, 9.999642, 846, 835, 11
5300.001706, 10.000036, 778, 752, 26
5310.00168, 9.999974, 695, 681, 14
5320.001753, 10.000073, 732, 714, 18
5330.001856, 10.000103, 656, 646, 10
5340.00376, 10.001904, 580, 564, 16
5350.000835, 9.997075, 544, 528, 16
5360.001701, 10.000866, 606, 593, 13
5370.001938, 10.000237, 656, 642, 14
5380.0017, 9.999762, 670, 659, 11
5390.001728, 10.000028, 783, 771, 12
5400.001682, 9.999954, 692, 676, 16
5410.001738, 10.000056, 730, 705, 25
5420.001816, 10.000078, 698, 678, 20
5430.001839, 10.000023, 569, 553, 16
5440.003128, 10.001289, 700, 687, 13
5450.001909, 9.998781, 770, 750, 20
5460.00185, 9.999941, 820, 795, 25
5470.001829, 9.999979, 756, 736, 20
5480.001767, 9.999938, 780, 759, 21
5490.001734, 9.999967, 573, 557, 16
5500.001878, 10.000144, 688, 677, 11
5510.001707, 9.999829, 611, 597, 14
5520.00176, 10.000053, 912, 894, 18
5530.001699, 9.999939, 560, 534, 26
5540.001676, 9.999977, 693, 679, 14
5550.001864, 10.000188, 808, 796, 12
5560.001711, 9.999847, 651, 637, 14
5570.001742, 10.000031, 692, 680, 12
5580.002011, 10.000269, 715, 696, 19
5590.005822, 10.003811, 802, 786, 16
5600.001765, 9.995943, 726, 702, 24
5610.001932, 10.000167, 772, 754, 18
5620.00177, 9.999838, 746, 736, 10
5630.002702, 10.000932, 738, 720, 18
5640.001707, 9.999005, 668, 643, 25
5650.001824, 10.000117, 562, 549, 13
5660.001701, 9.999877, 840, 827, 13
5670.001754, 10.000053, 661, 650, 11
5680.001906, 10.000152, 639, 622, 17
5690.002771, 10.000865, 599, 587, 12
5700.001764, 9.998993, 644, 637, 7
5710.001895, 10.000131, 728, 715, 13
5720.001677, 9.999782, 682, 663, 19
5730.001672, 9.999995, 588, 573, 15
5740.001833, 10.000161, 726, 714, 12
5750.001919, 10.000086, 670, 654, 16
5760.001957, 10.000038, 810, 790, 20
5770.002512, 10.000555, 663, 643, 20
5780.000869, 9.998357, 738, 720, 18
5790.001722, 10.000853, 564, 547, 17
5800.001689, 9.999967, 824, 814, 10
5810.001804, 10.000115, 673, 652, 21
5820.001704, 9.9999, 803, 782, 21
5830.001768, 10.000064, 713, 700, 13
5840.001839, 10.000071, 670, 655, 15
5850.001807, 9.999968, 752, 738, 14
5860.001689, 9.999882, 823, 806, 17
5870.002137, 10.000448, 743, 726, 17
5880.000706, 9.998569, 628, 612, 16
5890.001903, 10.001197, 654, 640, 14
5900.001811, 9.999908, 648, 633, 15
5910.001712, 9.999901, 586, 571, 15
5920.001677, 9.999965, 780, 766, 14
5930.001713, 10.000036, 557, 541, 16
5940.001766, 10.000053, 746, 733, 13
5950.002232, 10.000466, 657, 645, 12
5960.000712, 9.99848, 674, 656, 18
5970.001928, 10.001216, 574, 560, 14
5980.002065, 10.000137, 603, 595, 8
5990.0008, 9.998735, 822, 809, 13
6000.001736, 10.000936, 678, 663, 15
6010.001885, 10.000149, 474, 463, 11
6020.001666, 9.999781, 670, 661, 9
6030.001715, 10.000049, 688, 676, 12
6040.001718, 10.000003, 680, 672, 8
6050.001858, 10.00014, 750, 732, 18
6060.002141, 10.000283, 581, 569, 12
6070.000742, 9.998601, 527, 516, 11
6080.001738, 10.000996, 769, 760, 9
6090.001731, 9.999993, 699, 682, 17
6100.001802, 10.000071, 703, 690, 13
6110.001704, 9.999902, 637, 624, 13
6120.001798, 10.000094, 576, 564, 12
6130.001655, 9.999857, 562, 553, 9
6140.001777, 10.000122, 623, 614, 9
6150.001825, 10.000048, 665, 658, 7
6160.001818, 9.999993, 637, 622, 15
6170.001875, 10.000057, 666, 648, 18
6180.001704, 9.999829, 715, 703, 12
6190.001812, 10.000108, 719, 705, 14
6200.001671, 9.999859, 690, 681, 9
6210.001713, 10.000042, 582, 570, 12
6220.001716, 10.000003, 617, 601, 16
6230.001816, 10.0001, 690, 680, 10
6240.001836, 10.00002, 676, 659, 17
6250.001685, 9.999849, 672, 657, 15
6260.001812, 10.000127, 604, 586, 18
6270.003291, 10.001479, 667, 657, 10
6280.000805, 9.997514, 624, 605, 19
6290.001685, 10.00088, 802, 791, 11
6300.003435, 10.00175, 763, 741, 22
6310.000803, 9.997368, 523, 513, 10
6320.004804, 10.004001, 820, 804, 16
6330.001732, 9.996928, 706, 680, 26
6340.001812, 10.00008, 655, 640, 15
6350.001711, 9.999899, 638, 627, 11
6360.001796, 10.000085, 662, 654, 8
6370.001743, 9.999947, 823, 803, 20
6380.00169, 9.999947, 721, 703, 18
6390.001741, 10.000051, 698, 682, 16
6400.001942, 10.000201, 653, 644, 9
6410.001799, 9.999857, 669, 657, 12
6420.001712, 9.999913, 731, 718, 13
6430.00196, 10.000248, 737, 718, 19
6440.001707, 9.999747, 847, 834, 13
6450.004914, 10.003207, 690, 677, 13
6460.001919, 9.997005, 800, 787, 13
6470.001677, 9.999758, 676, 662, 14
6480.001923, 10.000246, 766, 750, 16
6490.002334, 10.000411, 739, 720, 19
6500.000679, 9.998345, 758, 732, 26
6510.001851, 10.001172, 709, 695, 14
6520.001935, 10.000084, 749, 736, 13
6530.001742, 9.999807, 623, 603, 20
6540.002103, 10.000361, 688, 675, 13
6550.001108, 9.999005, 765, 753, 12
6560.001011, 9.999903, 670, 648, 22
6570.001723, 10.000712, 675, 662, 13
6580.001806, 10.000083, 727, 708, 19
6590.001883, 10.000077, 705, 687, 18
6600.001674, 9.999791, 694, 689, 5
6610.00168, 10.000006, 891, 875, 16
6620.001676, 9.999996, 693, 679, 14
6630.00197, 10.000294, 834, 812, 22
6640.001795, 9.999825, 798, 778, 20
6650.001722, 9.999927, 679, 667, 12
6660.001747, 10.000025, 661, 642, 19
6670.001682, 9.999935, 742, 729, 13
6680.001876, 10.000194, 659, 646, 13
6690.001781, 9.999905, 726, 702, 24
6700.001706, 9.999925, 532, 522, 10
6710.001791, 10.000085, 635, 629, 6
6720.00171, 9.999919, 670, 658, 12
6730.001699, 9.999989, 703, 694, 9
6740.001864, 10.000165, 695, 685, 10
6750.001874, 10.00001, 588, 575, 13
6760.001719, 9.999845, 523, 510, 13
6770.001848, 10.000129, 634, 630, 4
6780.001659, 9.999811, 681, 666, 15
6790.001807, 10.000148, 754, 740, 14
6800.004335, 10.002528, 732, 716, 16
6810.001497, 9.997162, 743, 724, 19
6820.000721, 9.999224, 686, 669, 17
6830.001681, 10.00096, 715, 703, 12
6840.001838, 10.000157, 710, 699, 11
6850.001854, 10.000016, 571, 551, 20
6860.001718, 9.999864, 588, 577, 11
6870.00171, 9.999992, 686, 673, 13
6880.00167, 9.99996, 659, 647, 12
6890.001706, 10.000036, 611, 597, 14
6900.001718, 10.000012, 594, 584, 10
6910.002665, 10.000947, 536, 525, 11
6920.001996, 9.999331, 674, 662, 12
6930.001702, 9.999706, 826, 815, 11
6940.001716, 10.000014, 663, 647, 16
6950.002085, 10.000369, 732, 718, 14
6960.000729, 9.998644, 692, 675, 17
6970.001862, 10.001133, 589, 581, 8
6980.002319, 10.000457, 868, 861, 7
6990.000765, 9.998446, 574, 554, 20
7000.001725, 10.00096, 796, 785, 11
7010.001862, 10.000137, 634, 613, 21
7020.00174, 9.999878, 622, 611, 11
7030.001683, 9.999943, 906, 894, 12
7040.001681, 9.999998, 741, 724, 17
7050.00172, 10.000039, 697, 674, 23
7060.001966, 10.000246, 780, 762, 18
7070.001865, 9.999899, 808, 791, 17
7080.001785, 9.99992, 868, 844, 24
7090.00171, 9.999925, 765, 754, 11
7100.00175, 10.00004, 712, 689, 23
7110.001664, 9.999914, 665, 648, 17
7120.001801, 10.000137, 733, 717, 16
7130.001883, 10.000082, 653, 645, 8
7140.001861, 9.999978, 637, 624, 13
7150.002806, 10.000945, 637, 620, 17
7160.00172, 9.998914, 793, 781, 12
7170.001829, 10.000109, 627, 612, 15
7180.001745, 9.999916, 792, 780, 12
7190.003292, 10.001547, 630, 620, 10
7200.000934, 9.997642, 590, 574, 16
7210.00176, 10.000826, 702, 694, 8
7220.001675, 9.999915, 779, 766, 13
7230.001799, 10.000124, 688, 675, 13
7240.001683, 9.999884, 611, 593, 18
7250.001713, 10.00003, 604, 592, 12
7260.001842, 10.000129, 577, 562, 15
7270.001684, 9.999842, 684, 676, 8
7280.001793, 10.000109, 736, 724, 12
7290.001904, 10.000111, 758, 744, 14
7300.00873, 10.006826, 712, 692, 20
7310.001689, 9.992959, 635, 625, 10
7320.001711, 10.000022, 696, 682, 14
7330.001745, 10.000034, 628, 615, 13
7340.006461, 10.004716, 578, 564, 14
7350.002858, 9.996397, 622, 603, 19
7360.00202, 9.999162, 538, 529, 9
7370.001777, 9.999757, 778, 765, 13
7380.001711, 9.999934, 659, 641, 18
7390.001891, 10.00018, 637, 626, 11
7400.001815, 9.999924, 1031, 1016, 15
7410.001701, 9.999886, 923, 904, 19
7420.002152, 10.000451, 801, 781, 20
7430.001664, 9.999512, 670, 650, 20
7440.001687, 10.000023, 718, 699, 19
7450.001738, 10.000051, 1002, 989, 13
7460.001948, 10.00021, 948, 933, 15
7470.001791, 9.999843, 1027, 1004, 23
7480.002011, 10.00022, 865, 842, 23
7490.001738, 9.999727, 874, 858, 16
7500.001856, 10.000118, 874, 854, 20
7510.001993, 10.000137, 736, 723, 13
7520.001659, 9.999666, 844, 831, 13
7530.001677, 10.000018, 1086, 1071, 15
7540.001694, 10.000017, 1025, 1003, 22
7550.002073, 10.000379, 998, 974, 24
7560.005832, 10.003759, 985, 961, 24
7570.001674, 9.995842, 818, 796, 22
7580.001658, 9.999984, 871, 861, 10
7590.001902, 10.000244, 904, 892, 12
7600.001683, 9.999781, 932, 911, 21
7610.001681, 9.999998, 954, 940, 14
7620.002215, 10.000534, 814, 794, 20
7630.000763, 9.998548, 996, 981, 15
7640.005654, 10.004891, 948, 933, 15
7650.001153, 9.995499, 1030, 1001, 29
7660.000874, 9.999721, 802, 786, 16
7670.001753, 10.000879, 1059, 1040, 19
7680.001715, 9.999962, 809, 795, 14
7690.001803, 10.000088, 821, 808, 13
7700.001666, 9.999863, 974, 963, 11
7710.001707, 10.000041, 965, 945, 20
7720.001902, 10.000195, 899, 882, 17
7730.001781, 9.999879, 923, 903, 20
7740.001829, 10.000048, 1007, 987, 20
7750.001741, 9.999912, 1007, 996, 11
7760.001827, 10.000086, 918, 891, 27
7770.00193, 10.000103, 1015, 998, 17
7780.00229, 10.00036, 1017, 997, 20
7790.000804, 9.998514, 1001, 977, 24
7800.001786, 10.000982, 853, 832, 21
7810.001656, 9.99987, 1003, 980, 23
7820.00175, 10.000094, 963, 947, 16
7830.001757, 10.000007, 996, 982, 14
7840.001736, 9.999979, 1000, 972, 28
7850.001699, 9.999963, 966, 939, 27
7860.00191, 10.000211, 812, 789, 23
7870.003358, 10.001448, 982, 963, 19
7880.000843, 9.997485, 1023, 1005, 18
7890.001839, 10.000996, 948, 929, 19
7900.001715, 9.999876, 991, 965, 26
7910.002106, 10.000391, 901, 885, 16
7920.000872, 9.998766, 989, 969, 20
7930.001745, 10.000873, 934, 914, 20
7940.001737, 9.999992, 918, 891, 27
7950.003015, 10.001278, 786, 771, 15
7960.002406, 9.999391, 874, 860, 14
7970.000844, 9.998438, 951, 937, 14
7980.001712, 10.000868, 811, 791, 20
7990.001676, 9.999964, 804, 781, 23
8000.003135, 10.001459, 878, 869, 9
8010.001718, 9.998583, 992, 971, 21
8020.001827, 10.000109, 1033, 1011, 22
8030.001726, 9.999899, 904, 882, 22
8040.001833, 10.000107, 917, 892, 25
8050.001718, 9.999885, 1048, 1022, 26
8060.001689, 9.999971, 1039, 1017, 22
8070.002524, 10.000835, 901, 878, 23
8080.000801, 9.998277, 964, 940, 24
8090.001803, 10.001002, 1039, 1015, 24
8100.001712, 9.999909, 865, 844, 21
8110.003627, 10.001915, 974, 958, 16
8120.000775, 9.997148, 984, 965, 19
8130.001773, 10.000998, 1042, 1021, 21
8140.001834, 10.000061, 1018, 992, 26
8150.001802, 9.999968, 977, 958, 19
8160.001655, 9.999853, 802, 775, 27
8170.002016, 10.000361, 900, 883, 17
8180.001785, 9.999769, 805, 789, 16
8190.001846, 10.000061, 714, 702, 12
8200.002123, 10.000277, 1028, 1017, 11
8210.00075, 9.998627, 799, 781, 18
8220.001696, 10.000946, 1007, 991, 16
8230.004312, 10.002616, 912, 896, 16
8240.000864, 9.996552, 935, 907, 28
8250.011664, 10.0108, 982, 970, 12
8260.00172, 9.990056, 970, 947, 23
8270.00176, 10.00004, 994, 972, 22
8280.002526, 10.000766, 976, 954, 22
8290.000762, 9.998236, 1006, 979, 27
8300.001756, 10.000994, 941, 915, 26
8310.001755, 9.999999, 981, 962, 19
8320.001848, 10.000093, 903, 882, 21
8330.001835, 9.999987, 882, 872, 10
8340.001768, 9.999933, 924, 900, 24
8350.003447, 10.001679, 1064, 1041, 23
8360.000837, 9.99739, 992, 974, 18
8370.001793, 10.000956, 1068, 1047, 21
8380.00182, 10.000027, 1024, 1003, 21
8390.00343, 10.00161, 846, 825, 21
8400.002185, 9.998755, 1054, 1030, 24
8410.000803, 9.998618, 1003, 983, 20
8420.001738, 10.000935, 1106, 1086, 20
8430.001796, 10.000058, 745, 728, 17
8440.001827, 10.000031, 1113, 1099, 14
8450.001699, 9.999872, 913, 899, 14
8460.001697, 9.999998, 1015, 991, 24
8470.001766, 10.000069, 1035, 1018, 17
8480.001714, 9.999948, 949, 930, 19
8490.001946, 10.000232, 949, 930, 19
8500.001808, 9.999862, 1013, 995, 18
8510.001967, 10.000159, 780, 754, 26
8520.001928, 9.999961, 980, 965, 15
8530.001754, 9.999826, 810, 797, 13
8540.002266, 10.000512, 991, 975, 16
8550.001741, 9.999475, 1025, 1000, 25
8560.00168, 9.999939, 978, 953, 25
8570.00179, 10.00011, 877, 847, 30
8580.003136, 10.001346, 940, 918, 22
8590.000846, 9.99771, 888, 873, 15
8600.001767, 10.000921, 812, 796, 16
8610.001743, 9.999976, 759, 739, 20
8620.001682, 9.999939, 923, 902, 21
8630.001781, 10.000099, 763, 752, 11
8640.001912, 10.000131, 861, 840, 21
8650.001935, 10.000023, 801, 787, 14
8660.001916, 9.999981, 819, 807, 12
8670.001678, 9.999762, 1019, 997, 22
8680.001715, 10.000037, 983, 960, 23
8690.001722, 10.000007, 897, 877, 20
8700.001791, 10.000069, 995, 972, 23
8710.001668, 9.999877, 970, 952, 18
8720.001665, 9.999997, 868, 836, 32
8730.001808, 10.000143, 930, 915, 15
8740.001808, 10.0, 985, 965, 20
8750.001825, 10.000017, 848, 829, 19
8760.002252, 10.000427, 813, 790, 23
8770.000693, 9.998441, 1046, 1024, 22
8780.001764, 10.001071, 939, 928, 11
8790.001751, 9.999987, 879, 859, 20
8800.001906, 10.000155, 955, 940, 15
8810.001874, 9.999968, 998, 982, 16
8820.001709, 9.999835, 773, 750, 23
8830.001765, 10.000056, 916, 899, 17
8840.002044, 10.000279, 860, 843, 17
8850.000713, 9.998669, 726, 708, 18
8860.001716, 10.001003, 972, 954, 18
8870.002, 10.000284, 807, 795, 12
8880.001667, 9.999667, 872, 860, 12
8890.003203, 10.001536, 1040, 1015, 25
8900.000834, 9.997631, 1000, 977, 23
8910.002134, 10.0013, 1034, 1013, 21
8920.010418, 10.008284, 982, 953, 29
8930.000733, 9.990315, 1042, 1023, 19
8940.00209, 10.001357, 889, 867, 22
8950.000956, 9.998866, 848, 831, 17
8960.001731, 10.000775, 761, 744, 17
8970.003258, 10.001527, 1138, 1122, 16
8980.000761, 9.997503, 964, 939, 25
8990.001709, 10.000948, 951, 925, 26
9000.001779, 10.00007, 919, 896, 23
9010.001706, 9.999927, 927, 909, 18
9020.001685, 9.999979, 967, 954, 13
9030.001713, 10.000028, 969, 944, 25
9040.001955, 10.000242, 876, 862, 14
9050.00167, 9.999715, 972, 954, 18
9060.001779, 10.000109, 789, 776, 13
9070.001955, 10.000176, 981, 964, 17
9080.002114, 10.000159, 976, 950, 26
9090.001816, 9.999702, 950, 924, 26
9100.001757, 9.999941, 801, 784, 17
9110.001753, 9.999996, 986, 970, 16
9120.001683, 9.99993, 871, 853, 18
9130.001807, 10.000124, 929, 914, 15
9140.00171, 9.999903, 910, 894, 16
9150.002443, 10.000733, 1003, 982, 21
9160.000678, 9.998235, 906, 884, 22
9170.001827, 10.001149, 848, 825, 23
9180.00182, 9.999993, 976, 951, 25
9190.001729, 9.999909, 954, 921, 33
9200.001672, 9.999943, 1027, 1013, 14
9210.001746, 10.000074, 901, 884, 17
9220.002019, 10.000273, 1042, 1012, 30
9230.00171, 9.999691, 977, 953, 24
9240.001703, 9.999993, 874, 849, 25
9250.001783, 10.00008, 931, 915, 16
9260.001787, 10.000004, 903, 888, 15
9270.00171, 9.999923, 853, 831, 22
9280.001811, 10.000101, 1053, 1041, 12
9290.001756, 9.999945, 928, 904, 24
9300.001782, 10.000026, 1002, 978, 24
9310.001717, 9.999935, 1048, 1029, 19
9320.001741, 10.000024, 927, 907, 20
9330.001855, 10.000114, 1060, 1036, 24
9340.001872, 10.000017, 835, 814, 21
9350.001694, 9.999822, 948, 936, 12
9360.001681, 9.999987, 884, 869, 15
9370.001714, 10.000033, 1021, 1005, 16
9380.002678, 10.000964, 1032, 1006, 26
9390.001826, 9.999148, 806, 785, 21
9400.002483, 10.000657, 800, 779, 21
9410.002582, 10.000099, 986, 974, 12
9420.00069, 9.998108, 1047, 1030, 17
9430.00247, 10.00178, 710, 689, 21
9440.000791, 9.998321, 958, 935, 23
9450.002759, 10.001968, 982, 970, 12
9460.001887, 9.999128, 848, 823, 25
9470.003727, 10.00184, 994, 975, 19
9480.001768, 9.998041, 949, 927, 22
9490.001715, 9.999947, 922, 908, 14
9500.003007, 10.001292, 888, 872, 16
9510.001703, 9.998696, 1050, 1033, 17
9520.001737, 10.000034, 958, 939, 19
9530.001904, 10.000167, 970, 944, 26
9540.001723, 9.999819, 1023, 995, 28
9550.001792, 10.000069, 929, 905, 24
9560.001728, 9.999936, 1012, 993, 19
9570.002612, 10.000884, 841, 810, 31
9580.000721, 9.998109, 874, 857, 17
9590.001654, 10.000933, 844, 828, 16
9600.001808, 10.000154, 955, 937, 18
9610.002003, 10.000195, 1032, 1010, 22
9620.001716, 9.999713, 1002, 977, 25
9630.001704, 9.999988, 966, 944, 22
9640.001707, 10.000003, 817, 809, 8
9650.00169, 9.999983, 895, 883, 12
9660.001898, 10.000208, 985, 968, 17
9670.002899, 10.001001, 865, 844, 21
9680.001697, 9.998798, 994, 967, 27
9690.001865, 10.000168, 1019, 996, 23
9700.003201, 10.001336, 865, 845, 20
9710.000951, 9.99775, 961, 949, 12
9720.001791, 10.00084, 1004, 987, 17
9730.001875, 10.000084, 1012, 984, 28
9740.012777, 10.010902, 881, 855, 26
9750.000712, 9.987935, 780, 762, 18
9760.001872, 10.00116, 1018, 1004, 14
9770.001707, 9.999835, 844, 832, 12
9780.002067, 10.00036, 1019, 999, 20
9790.000655, 9.998588, 722, 701, 21
9800.001724, 10.001069, 832, 806, 26
9810.001786, 10.000062, 852, 843, 9
9820.001761, 9.999975, 850, 834, 16
9830.006788, 10.005027, 911, 898, 13
9840.002696, 9.995908, 893, 874, 19
9850.001956, 9.99926, 771, 760, 11
9860.001797, 9.999841, 702, 689, 13
9870.001779, 9.999982, 961, 950, 11
9880.001742, 9.999963, 892, 875, 17
9890.00181, 10.000068, 834, 816, 18
9900.001919, 10.000109, 953, 928, 25
9910.002197, 10.000278, 907, 879, 28
9920.000901, 9.998704, 1045, 1028, 17
9930.001774, 10.000873, 903, 884, 19
9940.00177, 9.999996, 1113, 1090, 23
9950.001855, 10.000085, 878, 855, 23
9960.005874, 10.004019, 950, 919, 31
9970.000859, 9.994985, 914, 896, 18
9980.001712, 10.000853, 881, 866, 15
9990.001701, 9.999989, 759, 742, 17
10000.002291, 10.00059, 1047, 1015, 32
10010.000978, 9.998687, 962, 932, 30
10020.001687, 10.000709, 1066, 1044, 22
10030.001871, 10.000184, 976, 957, 19
10040.001839, 9.999968, 1052, 1030, 22
10050.00171, 9.999871, 879, 857, 22
10060.00337, 10.00166, 946, 932, 14
10070.002327, 9.998957, 920, 903, 17
10080.00077, 9.998443, 848, 834, 14
10090.002228, 10.001458, 1054, 1032, 22
10100.000705, 9.998477, 1052, 1034, 18
10110.001887, 10.001182, 965, 939, 26
10120.001691, 9.999804, 908, 893, 15
10130.001776, 10.000085, 947, 926, 21
10140.001711, 9.999935, 746, 732, 14
10150.00169, 9.999979, 895, 878, 17
10160.001684, 9.999994, 960, 939, 21
10170.001909, 10.000225, 980, 969, 11
10180.001712, 9.999803, 1018, 994, 24
10190.001938, 10.000226, 1016, 997, 19
10200.001908, 9.99997, 872, 858, 14
10210.001768, 9.99986, 919, 900, 19
10220.001736, 9.999968, 1066, 1048, 18
10230.001838, 10.000102, 951, 927, 24
10240.001786, 9.999948, 976, 948, 28
10250.00205, 10.000264, 1024, 1007, 17
10260.002004, 9.999954, 902, 881, 21
10270.001739, 9.999735, 789, 769, 20
10280.002049, 10.00031, 1035, 1025, 10
10290.000691, 9.998642, 957, 933, 24
10300.001838, 10.001147, 595, 575, 20
10310.001729, 9.999891, 578, 566, 12
10320.001859, 10.00013, 924, 919, 5
10330.001889, 10.00003, 837, 817, 20
10340.001877, 9.999988, 1006, 991, 15
10350.001807, 9.99993, 990, 972, 18
10360.001723, 9.999916, 917, 897, 20
10370.001686, 9.999963, 1115, 1095, 20
10380.001873, 10.000187, 986, 963, 23
10390.001711, 9.999838, 891, 874, 17
10400.001939, 10.000228, 1094, 1071, 23
10410.001891, 9.999952, 943, 925, 18
10420.00175, 9.999859, 1054, 1032, 22
10430.001776, 10.000026, 946, 922, 24
10440.001753, 9.999977, 861, 843, 18
10450.001652, 9.999899, 819, 799, 20
10460.001834, 10.000182, 839, 824, 15
10470.001714, 9.99988, 859, 849, 10
10480.00169, 9.999976, 956, 921, 35
10490.001876, 10.000186, 790, 773, 17
10500.00172, 9.999844, 782, 759, 23
10510.001683, 9.999963, 1011, 987, 24
10520.001684, 10.000001, 1164, 1142, 22
10530.003386, 10.001702, 766, 751, 15
10540.000922, 9.997536, 996, 968, 28
10550.001699, 10.000777, 923, 912, 11
10560.001881, 10.000182, 952, 930, 22
10570.001713, 9.999832, 851, 832, 19
10580.002736, 10.001023, 1009, 988, 21
10590.001749, 9.999013, 1043, 1024, 19
10600.001737, 9.999988, 782, 762, 20
10610.00171, 9.999973, 852, 831, 21
10620.001836, 10.000126, 1101, 1085, 16
10630.001716, 9.99988, 1107, 1085, 22
10640.001735, 10.000019, 897, 878, 19
10650.001699, 9.999964, 949, 921, 28
10660.001666, 9.999967, 989, 970, 19
10670.001777, 10.000111, 926, 909, 17
10680.00195, 10.000173, 943, 919, 24
10690.001741, 9.999791, 1041, 1025, 16
10700.001777, 10.000036, 951, 927, 24
10710.001696, 9.999919, 940, 927, 13
10720.003223, 10.001527, 830, 815, 15
10730.000895, 9.997672, 928, 910, 18
10740.003806, 10.002911, 872, 861, 11
10750.00172, 9.997914, 924, 909, 15
10760.00172, 10.0, 993, 970, 23
10770.001715, 9.999995, 1063, 1036, 27
10780.001726, 10.000011, 797, 782, 15
10790.00173, 10.000004, 960, 942, 18
10800.001834, 10.000104, 856, 840, 16
10810.001827, 9.999993, 934, 921, 13
10820.001783, 9.999956, 1045, 1014, 31
10830.001745, 9.999962, 867, 849, 18
10840.001678, 9.999933, 975, 951, 24
10850.001935, 10.000257, 911, 890, 21
10860.002356, 10.000421, 957, 937, 20
10870.001703, 9.999347, 818, 801, 17
10880.001777, 10.000074, 982, 961, 21
10890.001783, 10.000006, 944, 930, 14
10900.00197, 10.000187, 982, 960, 22
10910.001781, 9.999811, 1049, 1037, 12
10920.00198, 10.000199, 1019, 996, 23
10930.001905, 9.999925, 834, 816, 18
10940.00176, 9.999855, 821, 801, 20
10950.001745, 9.999985, 938, 919, 19
10960.001689, 9.999944, 827, 811, 16
10970.001711, 10.000022, 657, 645, 12
10980.001953, 10.000242, 975, 959, 16
10990.00191, 9.999957, 777, 761, 16
11000.003522, 10.001612, 881, 859, 22
11010.000808, 9.997286, 866, 844, 22
11020.001791, 10.000983, 855, 840, 15
11030.013083, 10.011292, 887, 867, 20
11040.000809, 9.987726, 642, 626, 16
11050.001695, 10.000886, 858, 851, 7
11060.001788, 10.000093, 867, 859, 8
11070.001717, 9.999929, 947, 934, 13
11080.00173, 10.000013, 775, 758, 17
11090.001731, 10.000001, 859, 838, 21
11100.002017, 10.000286, 731, 715, 16
11110.001954, 9.999937, 673, 654, 19
11120.001983, 10.000029, 1025, 1012, 13
11130.001734, 9.999751, 943, 920, 23
11140.001759, 10.000025, 1024, 1004, 20
11150.001745, 9.999986, 959, 933, 26
11160.001783, 10.000038, 875, 847, 28
11170.001703, 9.99992, 916, 903, 13
11180.001772, 10.000069, 983, 959, 24
11190.00211, 10.000338, 940, 927, 13
11200.000711, 9.998601, 876, 858, 18
11210.004128, 10.003417, 851, 839, 12
11220.000714, 9.996586, 891, 871, 20
11230.001748, 10.001034, 1004, 992, 12
11240.00187, 10.000122, 825, 804, 21
11250.006743, 10.004873, 672, 653, 19
11260.000745, 9.994002, 957, 938, 19
11270.003004, 10.002259, 773, 754, 19
11280.002475, 9.999471, 894, 875, 19
11290.000692, 9.998217, 839, 827, 12
11300.001659, 10.000967, 840, 830, 10
11310.001788, 10.000129, 1031, 1014, 17
11320.001691, 9.999903, 976, 952, 24
11330.001719, 10.000028, 1045, 1028, 17
11340.001702, 9.999983, 988, 964, 24
11350.001858, 10.000156, 921, 905, 16
11360.001719, 9.999861, 817, 795, 22
11370.003373, 10.001654, 843, 824, 19
11380.001808, 9.998435, 866, 848, 18
11390.001739, 9.999931, 896, 883, 13
11400.001786, 10.000047, 907, 891, 16
11410.001792, 10.000006, 1008, 992, 16
11420.001751, 9.999959, 874, 854, 20
11430.0018, 10.000049, 1012, 997, 15
11440.002107, 10.000307, 914, 895, 19
11450.001752, 9.999645, 936, 921, 15
11460.001761, 10.000009, 964, 950, 14
11470.001671, 9.99991, 810, 785, 25
11480.001673, 10.000002, 957, 929, 28
11490.001693, 10.00002, 1093, 1073, 20
11500.001689, 9.999996, 970, 955, 15
11510.001689, 10.0, 793, 777, 16
11520.00202, 10.000331, 788, 769, 19
11530.002471, 10.000451, 884, 872, 12
11540.000841, 9.99837, 1006, 991, 15
11550.001752, 10.000911, 774, 752, 22
11560.00191, 10.000158, 934, 916, 18
11570.001717, 9.999807, 1037, 1018, 19
11580.001707, 9.99999, 1079, 1056, 23
11590.001752, 10.000045, 1031, 1009, 22
11600.001887, 10.000135, 864, 847, 17
11610.001717, 9.99983, 847, 827, 20
11620.001762, 10.000045, 1003, 987, 16
11630.001776, 10.000014, 860, 841, 19
11640.001807, 10.000031, 816, 793, 23
11650.001714, 9.999907, 804, 793, 11
11660.001938, 10.000224, 927, 913, 14
11670.001721, 9.999783, 1018, 996, 22
11680.00301, 10.001289, 865, 846, 19
11690.001972, 9.998962, 738, 723, 15
11700.001827, 9.999855, 1067, 1049, 18
11710.002116, 10.000289, 893, 879, 14
11720.000774, 9.998658, 1052, 1034, 18
11730.001741, 10.000967, 967, 951, 16
11740.003326, 10.001585, 1075, 1058, 17
11750.000752, 9.997426, 815, 796, 19
11760.001676, 10.000924, 1013, 994, 19
11770.001712, 10.000036, 835, 812, 23
11780.001739, 10.000027, 919, 897, 22
11790.001697, 9.999958, 990, 975, 15
11800.001913, 10.000216, 855, 839, 16
11810.001963, 10.00005, 1068, 1051, 17
11820.001774, 9.999811, 1055, 1029, 26
11830.002555, 10.000781, 925, 908, 17
11840.001051, 9.998496, 937, 925, 12
11850.000688, 9.999637, 879, 867, 12
11860.001714, 10.001026, 1091, 1068, 23
11870.001678, 9.999964, 914, 891, 23
11880.001758, 10.00008, 993, 973, 20
11890.001695, 9.999937, 887, 876, 11
11900.002191, 10.000496, 1044, 1021, 23
11910.000731, 9.99854, 954, 936, 18
11920.001819, 10.001088, 839, 822, 17
11930.001731, 9.999912, 976, 958, 18
11940.001919, 10.000188, 957, 942, 15
11950.001867, 9.999948, 965, 938, 27
11960.001686, 9.999819, 855, 833, 22
11970.001749, 10.000063, 929, 913, 16
11980.001869, 10.00012, 869, 856, 13
11990.001708, 9.999839, 853, 839, 14
12000.00184, 10.000132, 786, 769, 17
12010.002591, 10.000751, 767, 759, 8
12020.00078, 9.998189, 931, 915, 16
12030.001723, 10.000943, 924, 908, 16
12040.00175, 10.000027, 863, 831, 32
12050.004319, 10.002569, 990, 962, 28
12060.000743, 9.996424, 871, 853, 18
12070.001696, 10.000953, 1065, 1045, 20
12080.001697, 10.000001, 910, 899, 11
12090.001832, 10.000135, 944, 918, 26
12100.001764, 9.999932, 910, 887, 23
12110.001806, 10.000042, 936, 915, 21
12120.001789, 9.999983, 938, 923, 15
12130.001681, 9.999892, 926, 908, 18
12140.001748, 10.000067, 818, 801, 17
12150.001931, 10.000183, 835, 825, 10
12160.00167, 9.999739, 951, 935, 16
12170.00182, 10.00015, 861, 836, 25
12180.001997, 10.000177, 957, 940, 17
12190.001678, 9.999681, 907, 892, 15
12200.00171, 10.000032, 1053, 1028, 25
12210.001715, 10.000005, 730, 716, 14
12220.001709, 9.999994, 910, 900, 10
12230.001707, 9.999998, 917, 895, 22
12240.002281, 10.000574, 763, 744, 19
12250.000958, 9.998677, 939, 929, 10
12260.00181, 10.000852, 779, 767, 12
12270.0017, 9.99989, 1043, 1029, 14
12280.001721, 10.000021, 721, 706, 15
12290.001924, 10.000203, 950, 942, 8
12300.001867, 9.999943, 946, 923, 23
12310.001738, 9.999871, 886, 868, 18
12320.001767, 10.000029, 762, 748, 14
12330.00171, 9.999943, 932, 914, 18
12340.001727, 10.000017, 936, 918, 18
12350.001709, 9.999982, 905, 896, 9
12360.001716, 10.000007, 881, 864, 17
12370.001841, 10.000125, 970, 958, 12
12380.013933, 10.012092, 939, 922, 17
12390.001694, 9.987761, 987, 965, 22
12400.001694, 10.0, 923, 901, 22
12410.001747, 10.000053, 859, 845, 14
12420.001867, 10.00012, 860, 845, 15
12430.001759, 9.999892, 940, 921, 19
12440.001718, 9.999959, 884, 869, 15
12450.002139, 10.000421, 911, 890, 21
12460.001139, 9.999, 976, 964, 12
12470.000778, 9.999639, 1032, 1014, 18
12480.001797, 10.001019, 883, 859, 24
12490.001709, 9.999912, 915, 896, 19
12500.003918, 10.002209, 825, 810, 15
12510.003698, 9.99978, 1002, 982, 20
12520.00206, 9.998362, 817, 804, 13
12530.000762, 9.998702, 887, 874, 13
12540.001832, 10.00107, 691, 676, 15
12550.001746, 9.999914, 740, 732, 8
12560.001779, 10.000033, 907, 890, 17
12570.002412, 10.000633, 759, 744, 15
12580.000712, 9.9983, 766, 748, 18
12590.002215, 10.001503, 1033, 1017, 16
12600.000744, 9.998529, 692, 675, 17
12610.00172, 10.000976, 755, 743, 12
12620.004183, 10.002463, 987, 967, 20
12630.000894, 9.996711, 969, 947, 22
12640.001744, 10.00085, 765, 748, 17
12650.00172, 9.999976, 929, 917, 12
12660.001849, 10.000129, 779, 769, 10
12670.001699, 9.99985, 1021, 1006, 15
12680.001663, 9.999964, 957, 947, 10
12690.001744, 10.000081, 909, 888, 21
12700.001734, 9.99999, 993, 976, 17
12710.001772, 10.000038, 891, 881, 10
12720.001739, 9.999967, 884, 860, 24
12730.001683, 9.999944, 874, 861, 13
12740.001763, 10.00008, 892, 871, 21
12750.00197, 10.000207, 999, 986, 13
12760.001901, 9.999931, 1062, 1040, 22
12770.00172, 9.999819, 1002, 987, 15
12780.001795, 10.000075, 967, 949, 18
12790.001708, 9.999913, 934, 916, 18
12800.001822, 10.000114, 613, 600, 13
12810.001745, 9.999923, 910, 896, 14
12820.002209, 10.000464, 746, 729, 17
12830.001114, 9.998905, 716, 695, 21
12840.001564, 10.00045, 796, 782, 14
12850.000817, 9.999253, 821, 808, 13
12860.001843, 10.001026, 788, 775, 13
12870.001742, 9.999899, 872, 858, 14
12880.001667, 9.999925, 967, 950, 17
12890.001846, 10.000179, 946, 934, 12
12900.001795, 9.999949, 824, 806, 18
12910.001894, 10.000099, 815, 790, 25
12920.00182, 9.999926, 1027, 1012, 15
12930.001818, 9.999998, 944, 923, 21
12940.001892, 10.000074, 913, 892, 21
12950.001791, 9.999899, 841, 821, 20
12960.00167, 9.999879, 919, 904, 15
12970.001681, 10.000011, 875, 856, 19
12980.001946, 10.000265, 797, 780, 17
12990.00188, 9.999934, 855, 834, 21
13000.002005, 10.000125, 1045, 1025, 20
13010.001842, 9.999837, 955, 930, 25
13020.001669, 9.999827, 824, 811, 13
13030.002018, 10.000349, 895, 875, 20
13040.001709, 9.999691, 805, 788, 17
13050.001767, 10.000058, 931, 918, 13
13060.001849, 10.000082, 955, 941, 14
13070.001742, 9.999893, 797, 784, 13
13080.001721, 9.999979, 668, 652, 16
13090.001711, 9.99999, 714, 704, 10
13100.001709, 9.999998, 778, 767, 11
13110.001827, 10.000118, 718, 711, 7
13120.001928, 10.000101, 1035, 1020, 15
13130.002788, 10.00086, 1012, 991, 21
13140.001953, 9.999165, 929, 904, 25
13150.001818, 9.999865, 936, 915, 21
13160.001751, 9.999933, 805, 794, 11
13170.001752, 10.000001, 823, 806, 17
13180.002039, 10.000287, 933, 917, 16
13190.001684, 9.999645, 839, 820, 19
13200.001729, 10.000045, 962, 942, 20
13210.001714, 9.999985, 970, 944, 26
13220.001748, 10.000034, 863, 844, 19
13230.001717, 9.999969, 794, 779, 15
13240.001726, 10.000009, 1064, 1044, 20
13250.012693, 10.010967, 787, 763, 24
13260.001899, 9.989206, 835, 820, 15
13270.001688, 9.999789, 906, 890, 16
13280.001677, 9.999989, 1038, 1028, 10
13290.00186, 10.000183, 1021, 1001, 20
13300.002887, 10.001027, 810, 787, 23
13310.001711, 9.998824, 787, 765, 22
13320.00199, 10.000279, 861, 849, 12
13330.00176, 9.99977, 870, 856, 14
13340.001698, 9.999938, 849, 828, 21
13350.001852, 10.000154, 924, 914, 10
13360.002101, 10.000249, 944, 925, 19
13370.000705, 9.998604, 903, 882, 21
13380.001762, 10.001057, 746, 731, 15
13390.001791, 10.000029, 810, 802, 8
13400.001944, 10.000153, 826, 814, 12
13410.001732, 9.999788, 954, 943, 11
13420.001836, 10.000104, 1025, 1007, 18
13430.001799, 9.999963, 973, 953, 20
13440.001762, 9.999963, 958, 936, 22
13450.001893, 10.000131, 1002, 976, 26
13460.001844, 9.999951, 996, 976, 20
13470.001709, 9.999865, 1033, 1023, 10
13480.003004, 10.001295, 748, 721, 27
13490.001683, 9.998679, 931, 914, 17
13500.001736, 10.000053, 883, 872, 11
13510.00169, 9.999954, 957, 946, 11
13520.001724, 10.000034, 907, 883, 24
13530.002025, 10.000301, 1109, 1088, 21
13540.001747, 9.999722, 917, 898, 19
13550.001746, 9.999999, 961, 944, 17
13560.00185, 10.000104, 919, 896, 23
13570.001763, 9.999913, 850, 824, 26
13580.001737, 9.999974, 955, 938, 17
13590.001766, 10.000029, 1031, 1013, 18
13600.001698, 9.999932, 988, 971, 17
13610.001657, 9.999959, 952, 929, 23
13620.001721, 10.000064, 911, 897, 14
13630.001815, 10.000094, 652, 636, 16
13640.001685, 9.99987, 902, 893, 9
13650.001798, 10.000113, 908, 896, 12
13660.003515, 10.001717, 726, 706, 20
13670.001879, 9.998364, 880, 864, 16
13680.0018, 9.999921, 900, 883, 17
13690.001746, 9.999946, 1085, 1076, 9
13700.001747, 10.000001, 913, 899, 14
13710.00167, 9.999923, 935, 914, 21
13720.001694, 10.000024, 1030, 1006, 24
13730.001718, 10.000024, 990, 973, 17
13740.00175, 10.000032, 1040, 1016, 24
13750.001697, 9.999947, 921, 899, 22
13760.001677, 9.99998, 853, 840, 13
13770.001751, 10.000074, 1000, 988, 12
13780.001704, 9.999953, 1008, 988, 20
13790.001713, 10.000009, 989, 960, 29
13800.001813, 10.0001, 967, 951, 16
13810.001707, 9.999894, 820, 801, 19
13820.001812, 10.000105, 734, 721, 13
13830.001783, 9.999971, 965, 950, 15
13840.001846, 10.000063, 966, 945, 21
13850.001715, 9.999869, 811, 785, 26
13860.00171, 9.999995, 934, 915, 19
13870.001688, 9.999978, 990, 971, 19
13880.0018, 10.000112, 883, 867, 16
13890.001983, 10.000183, 926, 905, 21
13900.001702, 9.999719, 909, 895, 14
13910.001959, 10.000257, 816, 799, 17
13920.002363, 10.000404, 804, 790, 14
13930.00084, 9.998477, 834, 823, 11
13940.001718, 10.000878, 844, 823, 21
13950.001814, 10.000096, 856, 835, 21
13960.001818, 10.000004, 1052, 1034, 18
13970.002388, 10.00057, 987, 968, 19
13980.001031, 9.998643, 1057, 1033, 24
13990.010542, 10.009511, 887, 867, 20
14000.001817, 9.991275, 968, 942, 26
14010.00185, 10.000033, 954, 929, 25
14020.001787, 9.999937, 890, 877, 13
14030.001721, 9.999934, 938, 916, 22
14040.001706, 9.999985, 965, 951, 14
14050.001679, 9.999973, 707, 698, 9
14060.001775, 10.000096, 871, 857, 14
14070.002034, 10.000259, 1079, 1062, 17
14080.000702, 9.998668, 960, 940, 20
14090.001748, 10.001046, 1100, 1084, 16
14100.00176, 10.000012, 956, 933, 23
14110.001707, 9.999947, 854, 835, 19
14120.001709, 10.000002, 923, 907, 16
14130.002013, 10.000304, 987, 968, 19
14140.001706, 9.999693, 868, 848, 20
14150.0017, 9.999994, 883, 867, 16
14160.001691, 9.999991, 969, 948, 21
14170.001689, 9.999998, 701, 683, 18
14180.001868, 10.000179, 936, 931, 5
14190.001817, 9.999949, 808, 796, 12
14200.001883, 10.000066, 925, 909, 16
14210.002044, 10.000161, 821, 806, 15
14220.005786, 10.003742, 952, 938, 14
14230.001927, 9.996141, 882, 867, 15
14240.002194, 10.000267, 958, 944, 14
14250.000694, 9.9985, 921, 903, 18
14260.001743, 10.001049, 877, 863, 14
14270.001741, 9.999998, 997, 979, 18
14280.001978, 10.000237, 960, 943, 17
14290.001794, 9.999816, 838, 815, 23
14300.002003, 10.000209, 990, 975, 15
14310.001707, 9.999704, 1011, 990, 21
14320.001773, 10.000066, 966, 950, 16
14330.001733, 9.99996, 978, 956, 22
14340.001845, 10.000112, 921, 895, 26
14350.001785, 9.99994, 946, 928, 18
14360.001856, 10.000071, 989, 969, 20
14370.001842, 9.999986, 941, 920, 21
14380.0018, 9.999958, 934, 909, 25
14390.001781, 9.999981, 909, 889, 20
14400.001711, 9.99993, 728, 709, 19
14410.002338, 10.000627, 951, 939, 12
14420.001739, 9.999401, 1005, 992, 13
14430.004977, 10.003238, 1013, 992, 21
14440.00195, 9.996973, 917, 898, 19
14450.001789, 9.999839, 979, 959, 20
14460.001772, 9.999983, 913, 897, 16
14470.00174, 9.999968, 925, 901, 24
14480.001813, 10.000073, 806, 784, 22
14490.001664, 9.999851, 921, 906, 15
14500.001771, 10.000107, 997, 984, 13
14510.001661, 9.99989, 918, 892, 26
14520.002172, 10.000511, 918, 901, 17
14530.001783, 9.999611, 884, 869, 15
14540.001794, 10.000011, 784, 771, 13
14550.001666, 9.999872, 926, 909, 17
14560.00171, 10.000044, 849, 838, 11
14570.001709, 9.999999, 840, 827, 13
14580.001869, 10.00016, 820, 801, 19
14590.001753, 9.999884, 781, 758, 23
14600.001742, 9.999989, 934, 924, 10
14610.001813, 10.000071, 941, 922, 19
14620.001766, 9.999953, 1040, 1020, 20
14630.001699, 9.999933, 950, 931, 19
14640.00177, 10.000071, 819, 792, 27
14650.001728, 9.999958, 867, 856, 11
14660.00233, 10.000602, 1038, 1029, 9
14670.001788, 9.999458, 752, 733, 19
14680.001814, 10.000026, 959, 945, 14
14690.001707, 9.999893, 899, 878, 21
14700.002054, 10.000347, 972, 961, 11
14710.001711, 9.999657, 793, 773, 20
14720.00214, 10.000429, 971, 961, 10
14730.000697, 9.998557, 888, 860, 28
14740.001775, 10.001078, 1022, 1007, 15
14750.002292, 10.000517, 861, 837, 24
14760.000804, 9.998512, 970, 943, 27
14770.001682, 10.000878, 1044, 1021, 23
14780.00231, 10.000628, 884, 867, 17
14790.000683, 9.998373, 971, 953, 18
14800.002012, 10.001329, 936, 921, 15
14810.001734, 9.999722, 1100, 1093, 7
14820.001755, 10.000021, 987, 971, 16
14830.001795, 10.00004, 965, 942, 23
14840.00175, 9.999955, 812, 797, 15
14850.001689, 9.999939, 701, 690, 11
14860.001654, 9.999965, 779, 767, 12
14870.001761, 10.000107, 1007, 995, 12
14880.001844, 10.000083, 823, 802, 21
14890.00222, 10.000376, 1068, 1056, 12
14900.000711, 9.998491, 879, 859, 20
14910.001705, 10.000994, 826, 803, 23
14920.00172, 10.000015, 865, 847, 18
14930.001741, 10.000021, 827, 812, 15
14940.001684, 9.999943, 853, 836, 17
14950.001678, 9.999994, 890, 871, 19
14960.001659, 9.999981, 937, 927, 10
14970.001908, 10.000249, 1039, 1022, 17
14980.001709, 9.999801, 807, 792, 15
14990.001849, 10.00014, 947, 929, 18
15000.001753, 9.999904, 1010, 987, 23
15010.001963, 10.00021, 946, 930, 16
15020.002989, 10.001026, 865, 842, 23
15030.002128, 9.999139, 815, 792, 23
15040.000754, 9.998626, 1027, 1006, 21
15050.001742, 10.000988, 890, 869, 21
15060.004582, 10.00284, 875, 859, 16
15070.000876, 9.996294, 1013, 1001, 12
15080.00174, 10.000864, 959, 933, 26
15090.001906, 10.000166, 1117, 1100, 17
15100.001716, 9.99981, 1105, 1085, 20
15110.001801, 10.000085, 933, 913, 20
15120.001738, 9.999937, 946, 926, 20
15130.001759, 10.000021, 904, 881, 23
15140.0017, 9.999941, 1074, 1058, 16
15150.001671, 9.999971, 743, 727, 16
15160.001967, 10.000296, 806, 796, 10
15170.002023, 10.000056, 965, 947, 18
15180.001683, 9.99966, 1019, 1004, 15
15190.001708, 10.000025, 952, 935, 17
15200.002058, 10.00035, 877, 858, 19
15210.000753, 9.998695, 1021, 1004, 17
15220.001712, 10.000959, 797, 785, 12
15230.001806, 10.000094, 829, 809, 20
15240.002275, 10.000469, 854, 848, 6
15250.000731, 9.998456, 820, 805, 15
15260.001674, 10.000943, 1026, 1008, 18
15270.002734, 10.00106, 1008, 992, 16
15280.001975, 9.999241, 969, 948, 21
15290.00171, 9.999735, 1011, 991, 20
15300.003169, 10.001459, 1037, 1018, 19
15310.000795, 9.997626, 891, 873, 18
15320.001894, 10.001099, 1060, 1037, 23
15330.001781, 9.999887, 910, 895, 15
15340.001768, 9.999987, 820, 812, 8
15350.001717, 9.999949, 979, 964, 15
15360.001948, 10.000231, 867, 851, 16
15370.001674, 9.999726, 906, 896, 10
15380.001737, 10.000063, 909, 896, 13
15390.001691, 9.999954, 950, 931, 19
15400.001755, 10.000064, 889, 864, 25
15410.001728, 9.999973, 992, 972, 20
15420.001782, 10.000054, 837, 818, 19
15430.005, 10.003218, 865, 855, 10
15440.001869, 9.996869, 1083, 1069, 14
15450.003502, 10.001633, 1014, 991, 23
15460.000776, 9.997274, 966, 948, 18
15470.001848, 10.001072, 1031, 1012, 19
15480.002005, 10.000157, 926, 903, 23
15490.001668, 9.999663, 775, 757, 18
15500.001839, 10.000171, 863, 850, 13
15510.001787, 9.999948, 939, 921, 18
15520.00173, 9.999943, 902, 885, 17
15530.001725, 9.999995, 938, 920, 18
15540.001713, 9.999988, 985, 961, 24
15550.018478, 10.016765, 732, 722, 10
15560.000793, 9.982315, 913, 898, 15
15570.012947, 10.012154, 988, 962, 26
15580.001725, 9.988778, 943, 931, 12
15590.002444, 10.000719, 930, 911, 19
15600.0007, 9.998256, 899, 876, 23
15610.001917, 10.001217, 841, 821, 20
15620.001688, 9.999771, 875, 858, 17
15630.001778, 10.00009, 901, 883, 18
15640.001838, 10.00006, 859, 838, 21
15650.001715, 9.999877, 927, 908, 19
15660.001725, 10.00001, 909, 896, 13
15670.001716, 9.999991, 789, 770, 19
15680.001972, 10.000256, 784, 773, 11
15690.00183, 9.999858, 699, 688, 11
15700.001669, 9.999839, 904, 888, 16
15710.00171, 10.000041, 771, 760, 11
15720.001769, 10.000059, 763, 750, 13
15730.001953, 10.000184, 894, 889, 5
15740.00171, 9.999757, 997, 985, 12
15750.001707, 9.999997, 870, 846, 24
15760.001709, 10.000002, 770, 743, 27
15770.00394, 10.002231, 812, 801, 11
15780.002265, 9.998325, 889, 876, 13
15790.000731, 9.998466, 839, 825, 14
15800.003004, 10.002273, 945, 936, 9
15810.001822, 9.998818, 854, 845, 9
15820.001863, 10.000041, 1070, 1047, 23
15830.001779, 9.999916, 1008, 991, 17
15840.001793, 10.000014, 1012, 995, 17
15850.001871, 10.000078, 960, 936, 24
15860.001707, 9.999836, 852, 837, 15
15870.001691, 9.999984, 985, 965, 20
15880.004173, 10.002482, 1046, 1027, 19
15890.001549, 9.997376, 912, 894, 18
15900.001842, 10.000293, 913, 900, 13
15910.00167, 9.999828, 1046, 1031, 15
15920.001922, 10.000252, 1064, 1046, 18
15930.001818, 9.999896, 915, 892, 23
15940.002054, 10.000236, 957, 942, 15
15950.001709, 9.999655, 975, 954, 21
15960.001712, 10.000003, 955, 932, 23
15970.001732, 10.00002, 1087, 1072, 15
15980.001749, 10.000017, 1008, 989, 19
15990.001868, 10.000119, 855, 834, 21
16000.001655, 9.999787, 821, 804, 17
16010.002009, 10.000354, 698, 687, 11
16020.001697, 9.999688, 927, 914, 13
16030.001715, 10.000018, 986, 961, 25
16040.001874, 10.000159, 887, 875, 12
16050.001773, 9.999899, 825, 807, 18
16060.001794, 10.000021, 1023, 1002, 21
16070.002106, 10.000312, 983, 966, 17
16080.000784, 9.998678, 853, 836, 17
16090.001662, 10.000878, 1013, 1000, 13
16100.001707, 10.000045, 977, 957, 20
16110.0017, 9.999993, 979, 969, 10
16120.002139, 10.000439, 1000, 979, 21
16130.000688, 9.998549, 719, 709, 10
16140.001691, 10.001003, 1008, 996, 12
16150.001735, 10.000044, 990, 980, 10
16160.001854, 10.000119, 955, 939, 16
16170.001814, 9.99996, 951, 932, 19
16180.001797, 9.999983, 760, 748, 12
16190.001756, 9.999959, 1046, 1025, 21
16200.00217, 10.000414, 1007, 985, 22
16210.000775, 9.998605, 911, 897, 14
16220.001862, 10.001087, 792, 767, 25
16230.002915, 10.001053, 902, 891, 11
16240.001851, 9.998936, 1008, 994, 14
16250.015212, 10.013361, 893, 881, 12
16260.000718, 9.985506, 812, 794, 18
16270.001762, 10.001044, 1052, 1038, 14
16280.001947, 10.000185, 1015, 997, 18
16290.001703, 9.999756, 772, 751, 21
16300.001753, 10.00005, 835, 814, 21
16310.0017, 9.999947, 901, 886, 15
16320.001689, 9.999989, 1096, 1077, 19
16330.002915, 10.001226, 800, 783, 17
16340.001719, 9.998804, 811, 796, 15
16350.001677, 9.999958, 988, 980, 8
16360.001791, 10.000114, 837, 820, 17
16370.001914, 10.000123, 1107, 1084, 23
16380.002078, 10.000164, 1000, 977, 23
16390.001768, 9.99969, 939, 918, 21
16400.001888, 10.00012, 1022, 1001, 21
16410.001808, 9.99992, 813, 789, 24
16420.001703, 9.999895, 923, 901, 22
16430.001713, 10.00001, 973, 962, 11
16440.001776, 10.000063, 778, 762, 16
16450.001809, 10.000033, 916, 910, 6
16460.001706, 9.999897, 961, 944, 17
16470.001733, 10.000027, 926, 910, 16
16480.002107, 10.000374, 1017, 988, 29
16490.000732, 9.998625, 930, 912, 18
16500.00178, 10.001048, 973, 957, 16
16510.001715, 9.999935, 737, 721, 16
16520.001666, 9.999951, 718, 706, 12
16530.001756, 10.00009, 815, 804, 11
16540.001793, 10.000037, 1031, 1019, 12
16550.001712, 9.999919, 865, 843, 22
16560.002542, 10.00083, 987, 967, 20
16570.000693, 9.998151, 845, 826, 19
16580.00167, 10.000977, 844, 828, 16
16590.001734, 10.000064, 795, 779, 16
16600.001731, 9.999997, 923, 910, 13
16610.001941, 10.00021, 700, 690, 10
16620.001723, 9.999782, 1067, 1057, 10
16630.001757, 10.000034, 957, 942, 15
16640.001707, 9.99995, 843, 829, 14
16650.001722, 10.000015, 872, 857, 15
16660.001673, 9.999951, 860, 843, 17
16670.001845, 10.000172, 863, 848, 15
16680.001781, 9.999936, 817, 804, 13
16690.001705, 9.999924, 886, 876, 10
16700.002757, 10.001052, 786, 766, 20
16710.001799, 9.999042, 941, 924, 17
16720.002389, 10.00059, 957, 942, 15
16730.000687, 9.998298, 831, 817, 14
16740.001788, 10.001101, 957, 940, 17
16750.001678, 9.99989, 808, 794, 14
16760.002089, 10.000411, 853, 827, 26
16770.000679, 9.99859, 926, 905, 21
16780.001721, 10.001042, 1002, 989, 13
16790.001828, 10.000107, 859, 836, 23
16800.001714, 9.999886, 843, 830, 13
16810.001774, 10.00006, 877, 864, 13
16820.001711, 9.999937, 899, 884, 15
16830.001696, 9.999985, 919, 899, 20
16840.001716, 10.00002, 816, 806, 10
16850.00182, 10.000104, 1072, 1054, 18
16860.00176, 9.99994, 947, 939, 8
16870.001693, 9.999933, 947, 924, 23
16880.00182, 10.000127, 911, 893, 18
16890.002067, 10.000247, 858, 839, 19
16900.001694, 9.999627, 1027, 1004, 23
16910.001747, 10.000053, 836, 811, 25
16920.001797, 10.00005, 762, 747, 15
16930.001719, 9.999922, 729, 718, 11
16940.001731, 10.000012, 1025, 1013, 12
16950.001738, 10.000007, 852, 836, 16
16960.001837, 10.000099, 948, 924, 24
16970.001669, 9.999832, 871, 857, 14
16980.001862, 10.000193, 919, 903, 16
16990.001863, 10.000001, 955, 942, 13
17000.001898, 10.000035, 896, 875, 21
17010.001898, 10.0, 887, 863, 24
17020.00184, 9.999942, 1089, 1077, 12
17030.001757, 9.999917, 926, 909, 17
17040.001811, 10.000054, 996, 971, 25
17050.001724, 9.999913, 1007, 990, 17
17060.001675, 9.999951, 1027, 1007, 20
17070.001722, 10.000047, 1020, 998, 22
17080.002173, 10.000451, 1025, 1011, 14
17090.000718, 9.998545, 834, 817, 17
17100.001733, 10.001015, 804, 795, 9
17110.001789, 10.000056, 782, 763, 19
17120.001799, 10.00001, 1031, 1019, 12
17130.001681, 9.999882, 994, 982, 12
17140.001677, 9.999996, 862, 840, 22
17150.001835, 10.000158, 992, 972, 20
17160.00204, 10.000205, 918, 903, 15
17170.00071, 9.99867, 684, 669, 15
17180.001812, 10.001102, 869, 862, 7
17190.002411, 10.000599, 896, 875, 21
17200.00069, 9.998279, 957, 936, 21
17210.001686, 10.000996, 816, 801, 15
17220.001677, 9.999991, 776, 769, 7
17230.001789, 10.000112, 909, 890, 19
17240.002015, 10.000226, 1001, 975, 26
17250.001808, 9.999793, 1064, 1042, 22
17260.001914, 10.000106, 894, 877, 17
17270.00175, 9.999836, 912, 899, 13
17280.001687, 9.999937, 831, 815, 16
17290.004667, 10.00298, 665, 651, 14
17300.001817, 9.99715, 792, 784, 8
17310.001819, 10.000002, 873, 853, 20
17320.002232, 10.000413, 985, 970, 15
17330.000703, 9.998471, 927, 910, 17
17340.001782, 10.001079, 956, 938, 18
17350.001776, 9.999994, 866, 843, 23
17360.002473, 10.000697, 817, 800, 17
17370.000683, 9.99821, 763, 756, 7
17380.001867, 10.001184, 917, 897, 20
17390.001713, 9.999846, 785, 768, 17
17400.00185, 10.000137, 818, 808, 10
17410.001749, 9.999899, 680, 667, 13
17420.001714, 9.999965, 941, 928, 13
17430.001892, 10.000178, 870, 855, 15
17440.001723, 9.999831, 837, 818, 19
17450.001711, 9.999988, 783, 755, 28
17460.001684, 9.999973, 859, 845, 14
17470.002032, 10.000348, 888, 879, 9
17480.001701, 9.999669, 1046, 1025, 21
17490.001929, 10.000228, 852, 836, 16
17500.001811, 9.999882, 921, 907, 14
17510.001712, 9.999901, 899, 883, 16
17520.001699, 9.999987, 984, 967, 17
17530.002076, 10.000377, 979, 972, 7
17540.000943, 9.998867, 917, 905, 12
17550.001802, 10.000859, 878, 869, 9
17560.001679, 9.999877, 999, 975, 24
17570.001775, 10.000096, 897, 881, 16
17580.001755, 9.99998, 1077, 1061, 16
17590.001657, 9.999902, 1023, 1007, 16
17600.001706, 10.000049, 956, 937, 19
17610.001745, 10.000039, 994, 972, 22
17620.001807, 10.000062, 971, 945, 26
17630.001713, 9.999906, 1068, 1044, 24
17640.001994, 10.000281, 855, 836, 19
17650.001895, 9.999901, 993, 975, 18
17660.001854, 9.999959, 1035, 1016, 19
17670.001952, 10.000098, 903, 879, 24
17680.001782, 9.99983, 772, 757, 15
17690.001774, 9.999992, 923, 912, 11
17700.001934, 10.00016, 906, 886, 20
17710.001967, 10.000033, 985, 971, 14
17720.00347, 10.001503, 877, 856, 21
17730.00151, 9.99804, 993, 973, 20
17740.001047, 9.999537, 871, 851, 20
17750.0008, 9.999753, 803, 783, 20
17760.001748, 10.000948, 808, 783, 25
17770.001837, 10.000089, 909, 896, 13
17780.001724, 9.999887, 919, 900, 19
17790.001747, 10.000023, 885, 860, 25
17800.002225, 10.000478, 855, 841, 14
17810.003148, 10.000923, 654, 645, 9
17820.000732, 9.997584, 688, 673, 15
17830.001692, 10.00096, 621, 607, 14
17840.001783, 10.000091, 881, 874, 7
17850.001788, 10.000005, 1076, 1066, 10
17860.00167, 9.999882, 856, 843, 13
17870.001879, 10.000209, 553, 540, 13
17880.002036, 10.000157, 903, 895, 8
17890.003272, 10.001236, 949, 935, 14
17900.000702, 9.99743, 894, 869, 25
17910.001805, 10.001103, 960, 946, 14
17920.001713, 9.999908, 871, 850, 21
17930.002438, 10.000725, 823, 801, 22
17940.001015, 9.998577, 891, 879, 12
17950.001731, 10.000716, 793, 781, 12
17960.001722, 9.999991, 782, 773, 9
17970.001931, 10.000209, 773, 757, 16
17980.001872, 9.999941, 601, 587, 14
17990.002365, 10.000493, 805, 794, 11
18000.001352, 9.998987, 913, 898, 15
18010.000835, 9.999483, 940, 931, 9
18020.001737, 10.000902, 904, 889, 15
18030.001664, 9.999927, 810, 799, 11
18040.001846, 10.000182, 990, 975, 15
18050.001737, 9.999891, 970, 957, 13
18060.002101, 10.000364, 1001, 986, 15
18070.00079, 9.998689, 959, 941, 18
18080.002077, 10.001287, 914, 886, 28
18090.000691, 9.998614, 914, 893, 21
18100.001738, 10.001047, 915, 897, 18
18110.001811, 10.000073, 995, 984, 11
18120.001805, 9.999994, 782, 767, 15
18130.001898, 10.000093, 740, 729, 11
18140.00179, 9.999892, 824, 816, 8
18150.001776, 9.999986, 1005, 988, 17
18160.001777, 10.000001, 976, 965, 11
18170.001692, 9.999915, 982, 955, 27
18180.003132, 10.00144, 904, 886, 18
18190.000651, 9.997519, 878, 861, 17
18200.00177, 10.001119, 870, 857, 13
18210.004893, 10.003123, 861, 846, 15
18220.002085, 9.997192, 965, 945, 20
18230.000705, 9.99862, 932, 919, 13
18240.001811, 10.001106, 970, 956, 14
18250.002305, 10.000494, 848, 829, 19
18260.000735, 9.99843, 984, 972, 12
18270.001749, 10.001014, 798, 776, 22
18280.002035, 10.000286, 717, 701, 16
18290.001704, 9.999669, 1019, 1012, 7
18300.001726, 10.000022, 918, 902, 16
18310.001747, 10.000021, 620, 605, 15
18320.003501, 10.001754, 829, 822, 7
18330.000664, 9.997163, 823, 812, 11
18340.001707, 10.001043, 834, 817, 17
18350.001766, 10.000059, 744, 732, 12
18360.001715, 9.999949, 611, 601, 10
18370.001713, 9.999998, 939, 933, 6
18380.00171, 9.999997, 871, 855, 16
18390.001805, 10.000095, 926, 911, 15
18400.001976, 10.000171, 1061, 1043, 18
18410.001706, 9.99973, 954, 930, 24
18420.001913, 10.000207, 910, 894, 16
18430.001739, 9.999826, 861, 846, 15
18440.001762, 10.000023, 661, 652, 9
18450.001814, 10.000052, 943, 931, 12
18460.002683, 10.000869, 897, 886, 11
18470.001669, 9.998986, 1003, 991, 12
18480.001716, 10.000047, 901, 882, 19
18490.001662, 9.999946, 810, 787, 23
18500.001674, 10.000012, 1026, 1010, 16
18510.001727, 10.000053, 871, 853, 18
18520.001881, 10.000154, 857, 835, 22
18530.001742, 9.999861, 966, 956, 10
18540.00186, 10.000118, 892, 873, 19
18550.002182, 10.000322, 895, 874, 21
18560.008412, 10.00623, 927, 907, 20
18570.000992, 9.99258, 813, 792, 21
18580.001715, 10.000723, 701, 689, 12
18590.00169, 9.999975, 705, 695, 10
18600.001781, 10.000091, 824, 816, 8
18610.001728, 9.999947, 842, 831, 11
18620.001796, 10.000068, 800, 785, 15
18630.001834, 10.000038, 781, 768, 13
18640.001698, 9.999864, 957, 946, 11
18650.001764, 10.000066, 900, 888, 12
18660.001715, 9.999951, 982, 957, 25
18670.001925, 10.00021, 936, 914, 22
18680.001748, 9.999823, 904, 886, 18
18690.001679, 9.999931, 1022, 1005, 17
18700.0017, 10.000021, 797, 785, 12
18710.001752, 10.000052, 822, 803, 19
18720.001679, 9.999927, 931, 915, 16
18730.001841, 10.000162, 837, 830, 7
18740.001877, 10.000036, 821, 808, 13
18750.0019, 10.000023, 933, 924, 9
18760.001723, 9.999823, 810, 789, 21
18770.001663, 9.99994, 957, 947, 10
18780.002671, 10.001008, 897, 878, 19
18790.002966, 10.000295, 936, 921, 15
18800.00169, 9.998724, 1076, 1059, 17
18810.002768, 10.001078, 1015, 999, 16
18820.001821, 9.999053, 941, 923, 18
18830.001811, 9.99999, 772, 760, 12
18840.001759, 9.999948, 886, 869, 17
18850.001874, 10.000115, 1070, 1063, 7
18860.001976, 10.000102, 988, 974, 14
18870.001675, 9.999699, 919, 895, 24
18880.001904, 10.000229, 945, 926, 19
18890.001708, 9.999804, 921, 913, 8
18900.001874, 10.000166, 865, 850, 15
18910.001661, 9.999787, 770, 758, 12
18920.001684, 10.000023, 907, 890, 17
18930.001744, 10.00006, 765, 744, 21
18940.001763, 10.000019, 747, 733, 14
18950.001688, 9.999925, 798, 785, 13
18960.001907, 10.000219, 976, 964, 12
18970.001706, 9.999799, 868, 850, 18
18980.002325, 10.000619, 734, 714, 20
18990.000856, 9.998531, 1107, 1093, 14
19000.001821, 10.000965, 772, 754, 18
19010.00168, 9.999859, 838, 820, 18
19020.001723, 10.000043, 605, 600, 5
19030.001844, 10.000121, 749, 736, 13
19040.001904, 10.00006, 979, 973, 6
19050.001682, 9.999778, 993, 979, 14
19060.003188, 10.001506, 858, 845, 13
19070.000803, 9.997615, 1093, 1076, 17
19080.001901, 10.001098, 968, 948, 20
19090.002014, 10.000113, 1022, 1000, 22
19100.001718, 9.999704, 923, 895, 28
19110.001798, 10.00008, 1029, 1005, 24
19120.001752, 9.999954, 713, 697, 16
19130.001714, 9.999962, 758, 740, 18
19140.002037, 10.000323, 869, 860, 9
19150.001656, 9.999619, 803, 786, 17
19160.003245, 10.001589, 717, 709, 8
19170.000728, 9.997483, 960, 944, 16
19180.001838, 10.00111, 825, 810, 15
19190.001731, 9.999893, 896, 880, 16
19200.001705, 9.999974, 785, 770, 15
19210.001746, 10.000041, 878, 854, 24
19220.00241, 10.000664, 893, 882, 11
19230.000914, 9.998504, 923, 904, 19
19240.002141, 10.001227, 910, 893, 17
19250.001492, 9.999351, 883, 861, 22
19260.001107, 9.999615, 962, 947, 15
19270.000802, 9.999695, 859, 848, 11
19280.002055, 10.001253, 875, 862, 13
19290.000943, 9.998888, 981, 968, 13
19300.001784, 10.000841, 931, 912, 19
19310.001757, 9.999973, 995, 981, 14
19320.001668, 9.999911, 967, 948, 19
19330.001703, 10.000035, 965, 939, 26
19340.001817, 10.000114, 714, 706, 8
19350.001848, 10.000031, 958, 941, 17
19360.001759, 9.999911, 805, 783, 22
19370.001851, 10.000092, 777, 761, 16
19380.001748, 9.999897, 1032, 1019, 13
19390.001674, 9.999926, 865, 844, 21
19400.002204, 10.00053, 925, 919, 6
19410.003587, 10.001383, 833, 818, 15
19420.001465, 9.997878, 917, 895, 22
19430.000753, 9.999288, 983, 968, 15
19440.002142, 10.001389, 796, 783, 13
19450.000755, 9.998613, 1052, 1036, 16
19460.002067, 10.001312, 968, 947, 21
19470.00241, 10.000343, 826, 815, 11
19480.000838, 9.998428, 957, 938, 19
19490.001885, 10.001047, 957, 944, 13
19500.001839, 9.999954, 998, 979, 19
19510.001737, 9.999898, 906, 892, 14
19520.001691, 9.999954, 894, 881, 13
19530.001726, 10.000035, 858, 843, 15
19540.006242, 10.004516, 961, 949, 12
19550.000991, 9.994749, 839, 828, 11
19560.001833, 10.000842, 895, 881, 14
19570.001797, 9.999964, 814, 793, 21
19580.001733, 9.999936, 1054, 1040, 14
19590.001701, 9.999968, 937, 916, 21
19600.001828, 10.000127, 870, 851, 19
19610.001919, 10.000091, 800, 785, 15
19620.00171, 9.999791, 870, 850, 20
19630.001831, 10.000121, 1037, 1029, 8
19640.001838, 10.000007, 897, 886, 11
19650.001883, 10.000045, 787, 770, 17
19660.001869, 9.999986, 711, 697, 14
19670.001768, 9.999899, 884, 874, 10
19680.00182, 10.000052, 896, 881, 15
19690.001673, 9.999853, 1003, 988, 15
19700.001736, 10.000063, 766, 748, 18
19710.001708, 9.999972, 844, 834, 10
19720.001834, 10.000126, 908, 896, 12
19730.001813, 9.999979, 891, 874, 17
19740.002034, 10.000221, 954, 934, 20
19750.001702, 9.999668, 930, 913, 17
19760.00177, 10.000068, 874, 853, 21
19770.001718, 9.999948, 1017, 998, 19
19780.001816, 10.000098, 978, 955, 23
19790.002463, 10.000647, 991, 975, 16
19800.001032, 9.998569, 875, 860, 15
19810.00175, 10.000718, 817, 797, 20
19820.001746, 9.999996, 964, 949, 15
19830.001711, 9.999965, 879, 864, 15
19840.004156, 10.002445, 663, 649, 14
19850.000793, 9.996637, 922, 910, 12
19860.001835, 10.001042, 939, 926, 13
19870.0017, 9.999865, 821, 802, 19
19880.001709, 10.000009, 724, 712, 12
19890.002021, 10.000312, 828, 820, 8
19900.002255, 10.000234, 918, 902, 16
19910.000749, 9.998494, 795, 784, 11
19920.003551, 10.002802, 915, 896, 19
19930.000831, 9.99728, 908, 894, 14
19940.001736, 10.000905, 1047, 1032, 15
19950.002052, 10.000316, 956, 933, 23
19960.000841, 9.998789, 956, 934, 22
19970.001723, 10.000882, 902, 883, 19
19980.001887, 10.000164, 1028, 1014, 14
19990.001816, 9.999929, 1064, 1048, 16
20000.002284, 10.000468, 961, 948, 13
20010.00077, 9.998486, 1068, 1053, 15
20020.002612, 10.001842, 876, 863, 13
20030.000992, 9.99838, 1045, 1018, 27
20040.001861, 10.000869, 973, 958, 15
20050.001664, 9.999803, 944, 924, 20
20060.001747, 10.000083, 1077, 1059, 18
20070.001689, 9.999942, 872, 857, 15
20080.001686, 9.999997, 813, 795, 18
20090.001808, 10.000122, 956, 948, 8
20100.001704, 9.999896, 975, 960, 15
20110.001673, 9.999969, 1040, 1023, 17
20120.0017, 10.000027, 816, 795, 21
20130.002, 10.0003, 813, 799, 14
20140.00243, 10.00043, 925, 905, 20
20150.001891, 9.999461, 785, 774, 11
20160.001894, 10.000003, 1024, 1007, 17
20170.001657, 9.999763, 804, 785, 19
20180.001771, 10.000114, 837, 828, 9
20190.001706, 9.999935, 986, 974, 12
20200.001708, 10.000002, 1018, 993, 25
20210.0021, 10.000392, 863, 845, 18
20220.000677, 9.998577, 799, 792, 7
20230.001676, 10.000999, 782, 770, 12
20240.002314, 10.000638, 923, 911, 12
20250.000756, 9.998442, 849, 838, 11
20260.001928, 10.001172, 790, 776, 14
20270.001765, 9.999837, 984, 969, 15
20280.001702, 9.999937, 896, 879, 17
20290.001761, 10.000059, 952, 937, 15
20300.001933, 10.000172, 926, 921, 5
20310.001873, 9.99994, 882, 867, 15
20320.001871, 9.999998, 1043, 1027, 16
20330.002002, 10.000131, 961, 946, 15
20340.001759, 9.999757, 911, 891, 20
20350.001732, 9.999973, 863, 840, 23
20360.001709, 9.999977, 879, 866, 13
20370.001723, 10.000014, 938, 927, 11
20380.001803, 10.00008, 1048, 1030, 18
20390.00181, 10.000007, 971, 947, 24
20400.001748, 9.999938, 878, 868, 10
20410.002058, 10.00031, 901, 891, 10
20420.000727, 9.998669, 842, 833, 9
20430.002821, 10.002094, 948, 935, 13
20440.00169, 9.998869, 888, 860, 28
20450.001749, 10.000059, 747, 735, 12
20460.001751, 10.000002, 798, 786, 12
20470.001664, 9.999913, 801, 791, 10
20480.001732, 10.000068, 986, 974, 12
20490.001828, 10.000096, 841, 831, 10
20500.001708, 9.99988, 955, 940, 15
20510.001956, 10.000248, 756, 745, 11
20520.001682, 9.999726, 855, 841, 14
20530.001712, 10.00003, 952, 932, 20
20540.001794, 10.000082, 766, 746, 20
20550.001693, 9.999899, 687, 674, 13
20560.002138, 10.000445, 732, 726, 6
20570.001916, 9.999778, 1001, 991, 10
20580.001997, 10.000081, 850, 837, 13
20590.00167, 9.999673, 827, 815, 12
20600.001968, 10.000298, 828, 811, 17
20610.001719, 9.999751, 667, 653, 14
20620.001686, 9.999967, 857, 845, 12
20630.001787, 10.000101, 823, 810, 13
20640.001709, 9.999922, 879, 858, 21
20650.001868, 10.000159, 961, 948, 13
20660.001875, 10.000007, 968, 949, 19
20670.001924, 10.000049, 919, 901, 18
20680.00751, 10.005586, 696, 680, 16
20690.000959, 9.993449, 956, 941, 15
20700.001902, 10.000943, 939, 931, 8
20710.001765, 9.999863, 874, 856, 18
20720.002141, 10.000376, 893, 874, 19
20730.005139, 10.002998, 917, 900, 17
20740.002105, 9.996966, 994, 974, 20
20750.002438, 10.000333, 676, 655, 21
20760.000982, 9.998544, 984, 975, 9
20770.001783, 10.000801, 820, 804, 16
20780.001842, 10.000059, 995, 970, 25
20790.00184, 9.999998, 871, 855, 16
20800.001702, 9.999862, 1023, 1008, 15
20810.00175, 10.000048, 1008, 995, 13
20820.001662, 9.999912, 855, 837, 18
20830.001683, 10.000021, 836, 827, 9
20840.001763, 10.00008, 711, 700, 11
20850.001743, 9.99998, 812, 804, 8
20860.002193, 10.00045, 1030, 1012, 18
20870.001074, 9.998881, 846, 831, 15
20880.001825, 10.000751, 995, 976, 19
20890.001839, 10.000014, 1094, 1075, 19
20900.001866, 10.000027, 962, 944, 18
20910.001675, 9.999809, 960, 945, 15
20920.001772, 10.000097, 1056, 1039, 17
20930.001728, 9.999956, 943, 929, 14
20940.001648, 9.99992, 730, 712, 18
20950.00207, 10.000422, 954, 941, 13
20960.001333, 9.999263, 924, 909, 15
20970.000774, 9.999441, 918, 902, 16
20980.002174, 10.0014, 857, 845, 12
20990.000679, 9.998505, 965, 954, 11
21000.002039, 10.00136, 829, 821, 8
21010.000714, 9.998675, 907, 888, 19
21020.001929, 10.001215, 886, 872, 14
21030.00179, 9.999861, 957, 944, 13
21040.001749, 9.999959, 747, 732, 15
21050.001874, 10.000125, 914, 902, 12
21060.00179, 9.999916, 1016, 1003, 13
21070.001714, 9.999924, 866, 849, 17
21080.00175, 10.000036, 800, 790, 10
21090.001792, 10.000042, 1037, 1021, 16
21100.001725, 9.999933, 870, 849, 21
21110.001729, 10.000004, 904, 880, 24
21120.001843, 10.000114, 838, 825, 13
21130.001681, 9.999838, 918, 901, 17
21140.003693, 10.002012, 833, 815, 18
21150.001957, 9.998264, 887, 868, 19
21160.001801, 9.999844, 871, 850, 21
21170.001774, 9.999973, 857, 842, 15
21180.001954, 10.00018, 1081, 1074, 7
21190.001713, 9.999759, 969, 955, 14
21200.001732, 10.000019, 908, 891, 17
21210.003057, 10.001325, 917, 909, 8
21220.002334, 9.999277, 1150, 1124, 26
21230.000744, 9.99841, 957, 941, 16
21240.001918, 10.001174, 672, 653, 19
21250.001689, 9.999771, 846, 835, 11
21260.001748, 10.000059, 837, 823, 14
21270.001736, 9.999988, 886, 868, 18
21280.001707, 9.999971, 699, 689, 10
21290.001698, 9.999991, 883, 876, 7
21300.001891, 10.000193, 857, 836, 21
21310.001991, 10.0001, 914, 902, 12
21320.001734, 9.999743, 980, 964, 16
21330.001778, 10.000044, 578, 567, 11
21340.0022, 10.000422, 887, 878, 9
21350.000769, 9.998569, 922, 912, 10
21360.001705, 10.000936, 974, 954, 20
21370.001881, 10.000176, 896, 880, 16
21380.001865, 9.999984, 921, 897, 24
21390.00204, 10.000175, 847, 834, 13
21400.000915, 9.998875, 948, 925, 23
21410.001711, 10.000796, 902, 890, 12
21420.00181, 10.000099, 823, 804, 19
21430.001675, 9.999865, 872, 865, 7
21440.002152, 10.000477, 964, 949, 15
21450.000761, 9.998609, 1067, 1049, 18
21460.005406, 10.004645, 840, 825, 15
21470.005439, 10.000033, 864, 847, 17
21480.002018, 9.996579, 739, 723, 16
21490.001656, 9.999638, 791, 783, 8
21500.003772, 10.002116, 780, 762, 18
21510.00173, 9.997958, 966, 955, 11
21520.002836, 10.001106, 998, 982, 16
21530.001687, 9.998851, 996, 981, 15
21540.001711, 10.000024, 934, 918, 16
21550.00182, 10.000109, 949, 930, 19
21560.001794, 9.999974, 948, 933, 15
21570.001907, 10.000113, 1017, 994, 23
21580.001675, 9.999768, 742, 730, 12
21590.002675, 10.001, 874, 860, 14
21600.001662, 9.998987, 834, 824, 10
21601.013035, 1.011373, 91, 90, 1
