elapsed, window, total, successful, failed
10.000661, 10.000661, 80, 80, 0
20.001664, 10.001003, 28, 28, 0
30.001662, 9.999998, 19, 19, 0
40.001665, 10.000003, 25, 23, 2
50.001674, 10.000009, 24, 24, 0
60.001643, 9.999969, 12, 12, 0
70.001665, 10.000022, 20, 6, 14
80.001747, 10.000082, 16, 12, 4
90.001685, 9.999938, 11, 8, 3
100.001658, 9.999973, 13, 5, 8
110.001662, 10.000004, 10, 1, 9
120.001954, 10.000292, 15, 8, 7
130.001648, 9.999694, 21, 9, 12
140.001736, 10.000088, 16, 5, 11
150.001661, 9.999925, 25, 18, 7
160.001679, 10.000018, 21, 17, 4
170.001695, 10.000016, 11, 9, 2
180.001701, 10.000006, 27, 15, 12
190.001741, 10.00004, 14, 7, 7
200.001737, 9.999996, 9, 5, 4
210.001662, 9.999925, 21, 9, 12
220.00167, 10.000008, 10, 4, 6
230.001662, 9.999992, 12, 7, 5
240.001641, 9.999979, 12, 2, 10
250.001667, 10.000026, 10, 1, 9
260.00178, 10.000113, 8, 4, 4
270.001729, 9.999949, 24, 9, 15
280.001666, 9.999937, 16, 10, 6
290.001745, 10.000079, 15, 5, 10
300.001665, 9.99992, 19, 11, 8
310.001637, 9.999972, 17, 13, 4
320.001782, 10.000145, 6, 3, 3
330.001663, 9.999881, 15, 3, 12
340.00164, 9.999977, 6, 3, 3
350.001662, 10.000022, 16, 6, 10
360.001667, 10.000005, 17, 2, 15
370.001662, 9.999995, 24, 13, 11
380.001663, 10.000001, 9, 6, 3
390.001665, 10.000002, 16, 7, 9
400.001639, 9.999974, 16, 12, 4
410.001666, 10.000027, 20, 13, 7
420.001758, 10.000092, 16, 14, 2
430.001641, 9.999883, 25, 11, 14
440.001662, 10.000021, 14, 10, 4
450.001664, 10.000002, 14, 6, 8
460.001657, 9.999993, 17, 11, 6
470.001665, 10.000008, 19, 9, 10
480.001663, 9.999998, 22, 18, 4
490.001661, 9.999998, 44, 36, 8
500.001637, 9.999976, 27, 19, 8
510.001673, 10.000036, 22, 16, 6
520.001646, 9.999973, 8, 3, 5
530.001639, 9.999993, 7, 6, 1
540.001672, 10.000033, 9, 2, 7
550.001662, 9.99999, 21, 8, 13
560.001662, 10.0, 22, 9, 13
570.001674, 10.000012, 23, 13, 10
580.001663, 9.999989, 20, 14, 6
590.001668, 10.000005, 11, 9, 2
600.00168, 10.000012, 13, 9, 4
610.00167, 9.99999, 36, 26, 10
620.001638, 9.999968, 50, 42, 8
630.001672, 10.000034, 52, 46, 6
640.001665, 9.999993, 22, 16, 6
650.001659, 9.999994, 21, 18, 3
660.001672, 10.000013, 18, 16, 2
670.001665, 9.999993, 24, 19, 5
680.001651, 9.999986, 25, 16, 9
690.001702, 10.000051, 15, 7, 8
700.001676, 9.999974, 14, 11, 3
710.00166, 9.999984, 11, 6, 5
720.001664, 10.000004, 17, 8, 9
730.001666, 10.000002, 14, 5, 9
740.001667, 10.000001, 19, 11, 8
750.001667, 10.0, 20, 11, 9
760.001681, 10.000014, 18, 10, 8
770.00169, 10.000009, 11, 7, 4
780.001664, 9.999974, 15, 10, 5
790.001707, 10.000043, 17, 12, 5
800.001666, 9.999959, 18, 4, 14
810.001779, 10.000113, 7, 1, 6
820.001681, 9.999902, 15, 7, 8
830.001755, 10.000074, 20, 13, 7
840.001665, 9.99991, 13, 6, 7
850.001673, 10.000008, 7, 3, 4
860.001734, 10.000061, 13, 3, 10
870.001667, 9.999933, 6, 1, 5
880.001665, 9.999998, 21, 10, 11
890.001667, 10.000002, 16, 4, 12
900.001668, 10.000001, 13, 4, 9
910.001683, 10.000015, 10, 5, 5
920.001674, 9.999991, 11, 6, 5
930.001669, 9.999995, 8, 4, 4
940.001669, 10.0, 20, 5, 15
950.001669, 10.0, 13, 5, 8
960.001735, 10.000066, 16, 4, 12
970.001738, 10.000003, 16, 11, 5
980.001664, 9.999926, 20, 13, 7
990.00167, 10.000006, 12, 6, 6
1000.00164, 9.99997, 18, 9, 9
1010.001664, 10.000024, 19, 13, 6
1020.001674, 10.00001, 17, 13, 4
1030.001656, 9.999982, 18, 11, 7
1040.001671, 10.000015, 17, 11, 6
1050.001668, 9.999997, 11, 6, 5
1060.001672, 10.000004, 9, 3, 6
1070.001794, 10.000122, 17, 4, 13
1080.001745, 9.999951, 9, 5, 4
1090.00164, 9.999895, 20, 12, 8
1100.001638, 9.999998, 16, 5, 11
1110.001665, 10.000027, 9, 2, 7
1120.001672, 10.000007, 10, 3, 7
1130.001666, 9.999994, 17, 9, 8
1140.001676, 10.00001, 12, 7, 5
1150.001639, 9.999963, 15, 2, 13
1160.001675, 10.000036, 11, 1, 10
1170.001816, 10.000141, 10, 3, 7
1180.001666, 9.99985, 6, 1, 5
1190.001664, 9.999998, 14, 0, 14
1200.001678, 10.000014, 17, 7, 10
1210.00168, 10.000002, 16, 3, 13
1220.001765, 10.000085, 12, 1, 11
1230.001668, 9.999903, 8, 2, 6
1240.001665, 9.999997, 12, 7, 5
1250.001675, 10.00001, 13, 6, 7
1260.001753, 10.000078, 18, 5, 13
1270.001728, 9.999975, 18, 2, 16
1280.00168, 9.999952, 7, 0, 7
1290.001638, 9.999958, 6, 0, 6
1300.001641, 10.000003, 10, 1, 9
1310.00182, 10.000179, 15, 4, 11
1320.001666, 9.999846, 12, 0, 12
1330.001674, 10.000008, 19, 1, 18
1340.001663, 9.999989, 6, 1, 5
1350.001663, 10.0, 8, 2, 6
1360.001675, 10.000012, 15, 6, 9
1370.001674, 9.999999, 19, 6, 13
1380.001664, 9.99999, 17, 5, 12
1390.001663, 9.999999, 25, 13, 12
1400.001682, 10.000019, 7, 1, 6
1410.001663, 9.999981, 12, 6, 6
1420.001683, 10.00002, 15, 4, 11
1430.001664, 9.999981, 10, 2, 8
1440.001763, 10.000099, 11, 1, 10
1450.001665, 9.999902, 19, 4, 15
1460.001676, 10.000011, 12, 2, 10
1470.001637, 9.999961, 14, 5, 9
1480.001731, 10.000094, 16, 2, 14
1490.001637, 9.999906, 13, 8, 5
1500.001765, 10.000128, 12, 6, 6
1510.001665, 9.9999, 22, 13, 9
1520.001673, 10.000008, 9, 3, 6
1530.001673, 10.0, 19, 11, 8
1540.001671, 9.999998, 17, 10, 7
1550.001638, 9.999967, 26, 19, 7
1560.001666, 10.000028, 21, 18, 3
1570.001639, 9.999973, 25, 17, 8
1580.001678, 10.000039, 22, 21, 1
1590.001664, 9.999986, 19, 12, 7
1600.001648, 9.999984, 21, 15, 6
1610.001663, 10.000015, 9, 4, 5
1620.001669, 10.000006, 17, 10, 7
1630.001672, 10.000003, 17, 11, 6
1640.0017, 10.000028, 16, 11, 5
1650.001642, 9.999942, 10, 5, 5
1660.00371, 10.002068, 12, 4, 8
1670.001667, 9.997957, 2, 2, 0
1680.001688, 10.000021, 12, 0, 12
1690.001655, 9.999967, 18, 4, 14
1700.001848, 10.000193, 14, 0, 14
1710.001959, 10.000111, 9, 0, 9
1720.001882, 9.999923, 10, 0, 10
1730.001806, 9.999924, 1, 0, 1
1740.001735, 9.999929, 12, 0, 12
1750.001636, 9.999901, 18, 0, 18
1760.001668, 10.000032, 14, 0, 14
1770.001679, 10.000011, 9, 0, 9
1780.001692, 10.000013, 10, 0, 10
1790.00343, 10.001738, 1, 0, 1
1800.000743, 9.997313, 12, 0, 12
1810.001674, 10.000931, 18, 0, 18
1820.001669, 9.999995, 21, 7, 14
1830.001672, 10.000003, 10, 1, 9
1840.001694, 10.000022, 11, 3, 8
1850.001744, 10.00005, 2, 1, 1
1860.00167, 9.999926, 12, 2, 10
1870.001667, 9.999997, 14, 0, 14
1880.001741, 10.000074, 16, 0, 16
1890.001735, 9.999994, 9, 0, 9
1900.001742, 10.000007, 11, 0, 11
1910.004446, 10.002704, 3, 1, 2
1920.00068, 9.996234, 14, 3, 11
1930.001678, 10.000998, 17, 3, 14
1940.001642, 9.999964, 16, 1, 15
1950.00168, 10.000038, 9, 2, 7
1960.001738, 10.000058, 11, 3, 8
1970.001675, 9.999937, 2, 1, 1
1980.001675, 10.0, 12, 1, 11
1990.001665, 9.99999, 16, 1, 15
2000.001674, 10.000009, 15, 0, 15
2010.001683, 10.000009, 9, 0, 9
2020.001673, 9.99999, 13, 3, 10
2030.002307, 10.000634, 5, 4, 1
2040.000639, 9.998332, 18, 9, 9
2050.001667, 10.001028, 11, 1, 10
2060.001671, 10.000004, 25, 13, 12
2070.001702, 10.000031, 11, 7, 4
2080.001669, 9.999967, 13, 5, 8
2090.001664, 9.999995, 3, 0, 3
2100.001719, 10.000055, 16, 6, 10
2110.001733, 10.000014, 10, 4, 6
2120.001679, 9.999946, 27, 8, 19
2130.001665, 9.999986, 13, 5, 8
2140.001672, 10.000007, 6, 0, 6
2150.001668, 9.999996, 5, 2, 3
2160.001644, 9.999976, 12, 5, 7
2170.001638, 9.999994, 13, 5, 8
2180.001641, 10.000003, 22, 0, 22
2190.001665, 10.000024, 12, 4, 8
2200.001648, 9.999983, 14, 10, 4
2210.001642, 9.999994, 9, 5, 4
2220.001673, 10.000031, 17, 9, 8
2230.00167, 9.999997, 11, 3, 8
2240.001644, 9.999974, 12, 2, 10
2250.001642, 9.999998, 11, 3, 8
2260.001644, 10.000002, 13, 4, 9
2270.001668, 10.000024, 17, 9, 8
2280.001666, 9.999998, 15, 4, 11
2290.001675, 10.000009, 13, 5, 8
2300.001643, 9.999968, 11, 5, 6
2310.001669, 10.000026, 11, 4, 7
2320.001667, 9.999998, 13, 3, 10
2330.001666, 9.999999, 11, 2, 9
2340.00169, 10.000024, 17, 9, 8
2350.001767, 10.000077, 15, 6, 9
2360.001658, 9.999891, 9, 2, 7
2370.001668, 10.00001, 14, 8, 6
2380.001755, 10.000087, 11, 1, 10
2390.001675, 9.99992, 14, 7, 7
2400.001664, 9.999989, 15, 6, 9
2410.001667, 10.000003, 18, 9, 9
2420.001641, 9.999974, 11, 3, 8
2430.001676, 10.000035, 16, 7, 9
2440.001644, 9.999968, 9, 2, 7
2450.001665, 10.000021, 14, 6, 8
2460.001667, 10.000002, 12, 6, 6
2470.001684, 10.000017, 13, 3, 10
2480.001647, 9.999963, 10, 4, 6
2490.001666, 10.000019, 25, 12, 13
2500.001768, 10.000102, 9, 3, 6
2510.001667, 9.999899, 17, 6, 11
2520.001681, 10.000014, 10, 4, 6
2530.001672, 9.999991, 9, 5, 4
2540.001682, 10.00001, 11, 5, 6
2550.001641, 9.999959, 20, 3, 17
2560.00168, 10.000039, 11, 3, 8
2570.00164, 9.99996, 13, 3, 10
2580.001677, 10.000037, 12, 7, 5
2590.001642, 9.999965, 8, 1, 7
2600.001634, 9.999992, 19, 11, 8
2610.001734, 10.0001, 18, 4, 14
2620.002112, 10.000378, 8, 0, 8
2630.000676, 9.998564, 11, 0, 11
2640.001949, 10.001273, 10, 0, 10
2650.001672, 9.999723, 3, 0, 3
2660.001661, 9.999989, 18, 3, 15
2670.001664, 10.000003, 22, 6, 16
2680.001641, 9.999977, 13, 6, 7
2690.001667, 10.000026, 13, 3, 10
2700.001682, 10.000015, 17, 9, 8
2710.001668, 9.999986, 11, 9, 2
2720.00164, 9.999972, 21, 8, 13
2730.001679, 10.000039, 15, 5, 10
2740.001666, 9.999987, 10, 7, 3
2750.001664, 9.999998, 17, 10, 7
2760.001668, 10.000004, 16, 7, 9
2770.001661, 9.999993, 10, 7, 3
2780.001674, 10.000013, 18, 8, 10
2790.00167, 9.999996, 17, 11, 6
2800.00166, 9.99999, 6, 3, 3
2810.001642, 9.999982, 15, 4, 11
2820.001674, 10.000032, 14, 2, 12
2830.001678, 10.000004, 4, 0, 4
2840.001768, 10.00009, 14, 0, 14
2850.001905, 10.000137, 11, 1, 10
2860.001654, 9.999749, 6, 0, 6
2870.001663, 10.000009, 15, 0, 15
2880.001665, 10.000002, 14, 0, 14
2890.001665, 10.0, 10, 6, 4
2900.001706, 10.000041, 14, 0, 14
2910.001643, 9.999937, 10, 0, 10
2920.001742, 10.000099, 6, 1, 5
2930.001677, 9.999935, 15, 1, 14
2940.001666, 9.999989, 20, 9, 11
2950.001666, 10.0, 13, 4, 9
2960.001745, 10.000079, 14, 3, 11
2970.001639, 9.999894, 11, 2, 9
2980.001674, 10.000035, 9, 5, 4
2990.001663, 9.999989, 15, 7, 8
3000.001678, 10.000015, 17, 3, 14
3010.001641, 9.999963, 13, 7, 6
3020.00167, 10.000029, 9, 1, 8
3030.001668, 9.999998, 13, 3, 10
3040.001665, 9.999997, 9, 4, 5
3050.001638, 9.999973, 21, 10, 11
3060.001665, 10.000027, 15, 3, 12
3070.001664, 9.999999, 16, 6, 10
3080.001668, 10.000004, 7, 4, 3
3090.001662, 9.999994, 10, 3, 7
3100.001677, 10.000015, 9, 5, 4
3110.001718, 10.000041, 19, 4, 15
3120.001697, 9.999979, 13, 3, 10
3130.001676, 9.999979, 16, 5, 11
3140.001659, 9.999983, 12, 7, 5
3150.001677, 10.000018, 11, 2, 9
3160.002399, 10.000722, 8, 2, 6
3170.000639, 9.99824, 19, 8, 11
3180.001642, 10.001003, 13, 4, 9
3190.001642, 10.0, 17, 4, 13
3200.00168, 10.000038, 16, 8, 8
3210.001672, 9.999992, 14, 7, 7
3220.003273, 10.001601, 8, 3, 5
3230.000679, 9.997406, 9, 0, 9
3240.001671, 10.000992, 10, 4, 6
3250.001666, 9.999995, 16, 1, 15
3260.001857, 10.000191, 14, 1, 13
3270.001723, 9.999866, 15, 3, 12
3280.001773, 10.00005, 6, 0, 6
3290.001664, 9.999891, 7, 0, 7
3300.001919, 10.000255, 10, 1, 9
3310.001644, 9.999725, 13, 0, 13
3320.001646, 10.000002, 16, 2, 14
3330.001723, 10.000077, 15, 1, 14
3340.00167, 9.999947, 19, 13, 6
3350.001663, 9.999993, 15, 10, 5
3360.001641, 9.999978, 18, 9, 9
3370.001667, 10.000026, 22, 14, 8
3380.001687, 10.00002, 11, 7, 4
3390.001756, 10.000069, 14, 9, 5
3400.001688, 9.999932, 29, 24, 5
3410.001684, 9.999996, 22, 18, 4
3420.00167, 9.999986, 23, 15, 8
3430.001667, 9.999997, 11, 8, 3
3440.001636, 9.999969, 12, 10, 2
3450.001637, 10.000001, 22, 17, 5
3460.001705, 10.000068, 30, 19, 11
3470.001666, 9.999961, 17, 11, 6
3480.001652, 9.999986, 13, 11, 2
3490.001678, 10.000026, 8, 6, 2
3500.00165, 9.999972, 20, 15, 5
3510.001673, 10.000023, 12, 4, 8
3520.001635, 9.999962, 18, 12, 6
3530.001643, 10.000008, 14, 3, 11
3540.001775, 10.000132, 19, 14, 5
3550.001638, 9.999863, 9, 3, 6
3560.001635, 9.999997, 14, 5, 9
3570.001635, 10.0, 11, 4, 7
3580.001644, 10.000009, 16, 7, 9
3590.001668, 10.000024, 14, 8, 6
3600.001637, 9.999969, 19, 9, 10
3610.001654, 10.000017, 11, 4, 7
3620.001642, 9.999988, 9, 4, 5
3630.001647, 10.000005, 13, 6, 7
3640.001637, 9.99999, 13, 5, 8
3650.001637, 10.0, 14, 5, 9
3660.001642, 10.000005, 20, 10, 10
3670.001637, 9.999995, 17, 8, 9
3680.001634, 9.999997, 9, 4, 5
3690.001658, 10.000024, 12, 3, 9
3700.001806, 10.000148, 11, 1, 10
3710.001859, 10.000053, 11, 2, 9
3720.001649, 9.99979, 10, 0, 10
3730.001636, 9.999987, 19, 5, 14
3740.001639, 10.000003, 11, 5, 6
3750.001651, 10.000012, 14, 3, 11
3760.001637, 9.999986, 21, 11, 10
3770.001638, 10.000001, 12, 5, 7
3780.00164, 10.000002, 11, 6, 5
3790.001636, 9.999996, 27, 13, 14
3800.001636, 10.0, 23, 14, 9
3810.00164, 10.000004, 27, 21, 6
3820.001643, 10.000003, 15, 11, 4
3830.001639, 9.999996, 14, 9, 5
3840.001636, 9.999997, 10, 8, 2
3850.001695, 10.000059, 34, 21, 13
3860.001645, 9.99995, 12, 10, 2
3870.001696, 10.000051, 15, 8, 7
3880.001641, 9.999945, 21, 14, 7
3890.001638, 9.999997, 16, 9, 7
3900.002109, 10.000471, 6, 4, 2
3910.000637, 9.998528, 24, 11, 13
3920.001641, 10.001004, 13, 9, 4
3930.001641, 10.0, 13, 7, 6
3940.001658, 10.000017, 14, 1, 13
3950.001636, 9.999978, 11, 4, 7
3960.001708, 10.000072, 9, 7, 2
3970.001637, 9.999929, 15, 1, 14
3980.001656, 10.000019, 12, 1, 11
3990.00165, 9.999994, 16, 6, 10
4000.001678, 10.000028, 11, 2, 9
4010.001663, 9.999985, 9, 0, 9
4020.00167, 10.000007, 11, 3, 8
4030.001667, 9.999997, 16, 5, 11
4040.001639, 9.999972, 10, 2, 8
4050.00201, 10.000371, 14, 0, 14
4060.001679, 9.999669, 9, 1, 8
4070.001845, 10.000166, 7, 2, 5
4080.001636, 9.999791, 13, 2, 11
4090.001665, 10.000029, 14, 1, 13
4100.001644, 9.999979, 10, 0, 10
4110.001642, 9.999998, 11, 0, 11
4120.001711, 10.000069, 10, 1, 9
4130.001635, 9.999924, 7, 0, 7
4140.00164, 10.000005, 12, 0, 12
4150.001635, 9.999995, 14, 0, 14
4160.00165, 10.000015, 10, 0, 10
4170.00199, 10.00034, 11, 0, 11
4180.001639, 9.999649, 14, 0, 14
4190.001635, 9.999996, 7, 0, 7
4200.001639, 10.000004, 12, 0, 12
4210.001721, 10.000082, 14, 0, 14
4220.001676, 9.999955, 10, 0, 10
4230.001942, 10.000266, 7, 0, 7
4240.001731, 9.999789, 14, 0, 14
4250.001636, 9.999905, 10, 0, 10
4260.001676, 10.00004, 12, 0, 12
4270.001664, 9.999988, 14, 0, 14
4280.001758, 10.000094, 10, 0, 10
4290.002014, 10.000256, 7, 0, 7
4300.001642, 9.999628, 11, 0, 11
4310.002041, 10.000399, 10, 0, 10
4320.001639, 9.999598, 12, 0, 12
4330.001869, 10.00023, 14, 0, 14
4340.001681, 9.999812, 10, 0, 10
4350.002847, 10.001166, 7, 0, 7
4360.001666, 9.998819, 11, 0, 11
4370.001662, 9.999996, 10, 0, 10
4380.001931, 10.000269, 12, 0, 12
4390.001664, 9.999733, 14, 0, 14
4400.001668, 10.000004, 10, 0, 10
4410.001687, 10.000019, 7, 0, 7
4420.00168, 9.999993, 11, 0, 11
4430.001635, 9.999955, 10, 0, 10
4440.001636, 10.000001, 12, 0, 12
4450.001665, 10.000029, 14, 0, 14
4460.001642, 9.999977, 10, 0, 10
4470.002673, 10.001031, 8, 1, 7
4480.001675, 9.999002, 15, 5, 10
4490.001638, 9.999963, 11, 1, 10
4500.001787, 10.000149, 12, 1, 11
4510.001666, 9.999879, 14, 4, 10
4520.001646, 9.99998, 8, 2, 6
4530.001661, 10.000015, 7, 0, 7
4540.001677, 10.000016, 14, 1, 13
4550.001674, 9.999997, 11, 0, 11
4560.001637, 9.999963, 11, 0, 11
4570.001678, 10.000041, 14, 3, 11
4580.001673, 9.999995, 8, 0, 8
4590.001679, 10.000006, 7, 0, 7
4600.001643, 9.999964, 14, 1, 13
4610.00177, 10.000127, 11, 0, 11
4620.001677, 9.999907, 12, 1, 11
4630.001667, 9.99999, 12, 0, 12
4640.00168, 10.000013, 8, 0, 8
4650.001642, 9.999962, 7, 0, 7
4660.001669, 10.000027, 17, 3, 14
4670.001756, 10.000087, 15, 4, 11
4680.001665, 9.999909, 14, 4, 10
4690.001659, 9.999994, 14, 5, 9
4700.001643, 9.999984, 12, 6, 6
4710.001681, 10.000038, 8, 3, 5
4720.002115, 10.000434, 15, 4, 11
4730.000677, 9.998562, 11, 2, 9
4740.001671, 10.000994, 11, 0, 11
4750.001641, 9.99997, 19, 7, 12
4760.00167, 10.000029, 11, 3, 8
4770.001642, 9.999972, 9, 4, 5
4780.001678, 10.000036, 15, 2, 13
4790.001669, 9.999991, 18, 2, 16
4800.001677, 10.000008, 14, 8, 6
4810.00164, 9.999963, 18, 2, 16
4820.001675, 10.000035, 17, 11, 6
4830.001669, 9.999994, 17, 13, 4
4840.00167, 10.000001, 10, 7, 3
4850.001645, 9.999975, 12, 8, 4
4860.00164, 9.999995, 12, 5, 7
4870.001677, 10.000037, 24, 12, 12
4880.001638, 9.999961, 12, 3, 9
4890.001685, 10.000047, 12, 3, 9
4900.001646, 9.999961, 9, 4, 5
4910.001644, 9.999998, 27, 21, 6
4920.001676, 10.000032, 13, 7, 6
4930.001967, 10.000291, 21, 9, 12
4940.001639, 9.999672, 11, 8, 3
4950.001697, 10.000058, 14, 6, 8
4960.00165, 9.999953, 6, 5, 1
4970.001667, 10.000017, 16, 5, 11
4980.001676, 10.000009, 15, 6, 9
4990.001664, 9.999988, 26, 13, 13
5000.001677, 10.000013, 19, 12, 7
5010.001639, 9.999962, 16, 9, 7
5020.001645, 10.000006, 9, 8, 1
5030.001691, 10.000046, 10, 2, 8
5040.0017, 10.000009, 20, 14, 6
5050.001639, 9.999939, 21, 10, 11
5060.001643, 10.000004, 11, 7, 4
5070.001685, 10.000042, 13, 5, 8
5080.001632, 9.999947, 9, 4, 5
5090.001656, 10.000024, 8, 4, 4
5100.001641, 9.999985, 13, 1, 12
5110.001641, 10.0, 17, 5, 12
5120.001636, 9.999995, 12, 4, 8
5130.001636, 10.0, 17, 4, 13
5140.00164, 10.000004, 12, 4, 8
5150.001636, 9.999996, 5, 0, 5
5160.001642, 10.000006, 14, 4, 10
5170.001642, 10.0, 17, 3, 14
5180.001639, 9.999997, 14, 6, 8
5190.001637, 9.999998, 8, 0, 8
5200.001636, 9.999999, 12, 2, 10
5210.001809, 10.000173, 6, 4, 2
5220.001638, 9.999829, 12, 1, 11
5230.001657, 10.000019, 20, 4, 16
5240.001637, 9.99998, 13, 2, 11
5250.001706, 10.000069, 9, 3, 6
5260.001641, 9.999935, 16, 5, 11
5270.001636, 9.999995, 16, 12, 4
5280.001773, 10.000137, 15, 7, 8
5290.001635, 9.999862, 17, 3, 14
5300.001653, 10.000018, 16, 11, 5
5310.001638, 9.999985, 6, 3, 3
5320.001636, 9.999998, 17, 6, 11
5330.00254, 10.000904, 8, 1, 7
5340.000638, 9.998098, 13, 2, 11
5350.001634, 10.000996, 9, 0, 9
5360.001661, 10.000027, 13, 0, 13
5370.001638, 9.999977, 10, 4, 6
5380.001677, 10.000039, 19, 5, 14
5390.001637, 9.99996, 11, 5, 6
5400.001635, 9.999998, 11, 1, 10
5410.001635, 10.0, 11, 5, 6
5420.001774, 10.000139, 13, 3, 10
5430.001648, 9.999874, 11, 2, 9
5440.001637, 9.999989, 19, 6, 13
5450.001636, 9.999999, 15, 5, 10
5460.001643, 10.000007, 15, 6, 9
5470.001638, 9.999995, 13, 7, 6
5480.001672, 10.000034, 12, 3, 9
5490.00164, 9.999968, 7, 4, 3
5500.001642, 10.000002, 16, 5, 11
5510.001649, 10.000007, 24, 13, 11
5520.001822, 10.000173, 13, 3, 10
5530.002929, 10.001107, 6, 0, 6
5540.001653, 9.998724, 11, 5, 6
5550.001731, 10.000078, 4, 0, 4
5560.001677, 9.999946, 19, 9, 10
5570.00164, 9.999963, 27, 10, 17
5580.001642, 10.000002, 19, 5, 14
5590.001788, 10.000146, 13, 8, 5
5600.001638, 9.99985, 12, 7, 5
5610.001647, 10.000009, 4, 3, 1
5620.001651, 10.000004, 21, 12, 9
5630.001638, 9.999987, 27, 15, 12
5640.001666, 10.000028, 14, 7, 7
5650.001637, 9.999971, 16, 11, 5
5660.001658, 10.000021, 12, 8, 4
5670.001647, 9.999989, 5, 4, 1
5680.001664, 10.000017, 18, 10, 8
5690.001644, 9.99998, 18, 5, 13
5700.001672, 10.000028, 10, 5, 5
5710.001641, 9.999969, 12, 3, 9
5720.001634, 9.999993, 13, 7, 6
5730.001705, 10.000071, 8, 6, 2
5740.001776, 10.000071, 18, 6, 12
5750.001637, 9.999861, 16, 2, 14
5760.001659, 10.000022, 8, 0, 8
5770.001639, 9.99998, 19, 11, 8
5780.001673, 10.000034, 21, 10, 11
5790.001792, 10.000119, 9, 4, 5
5800.001746, 9.999954, 12, 3, 9
5810.001636, 9.99989, 10, 3, 7
5820.00166, 10.000024, 3, 0, 3
5830.001637, 9.999977, 15, 2, 13
5840.001636, 9.999999, 18, 1, 17
5850.001636, 10.0, 8, 0, 8
5860.001639, 10.000003, 11, 0, 11
5870.001665, 10.000026, 11, 0, 11
5880.001635, 9.99997, 3, 0, 3
5890.001641, 10.000006, 15, 0, 15
5900.001749, 10.000108, 18, 0, 18
5910.001664, 9.999915, 8, 0, 8
5920.001641, 9.999977, 9, 0, 9
5930.00169, 10.000049, 11, 0, 11
5940.00168, 9.99999, 3, 0, 3
5950.001682, 10.000002, 15, 0, 15
5960.001638, 9.999956, 18, 0, 18
5970.001636, 9.999998, 8, 0, 8
5980.001801, 10.000165, 9, 0, 9
5990.001649, 9.999848, 11, 0, 11
6000.001845, 10.000196, 3, 0, 3
6010.001642, 9.999797, 15, 0, 15
6020.001642, 10.0, 18, 0, 18
6030.00178, 10.000138, 8, 0, 8
6040.001637, 9.999857, 9, 0, 9
6050.001791, 10.000154, 11, 0, 11
6060.001639, 9.999848, 3, 0, 3
6070.001686, 10.000047, 15, 0, 15
6080.001694, 10.000008, 18, 0, 18
6090.001636, 9.999942, 8, 0, 8
6100.001641, 10.000005, 9, 0, 9
6110.001913, 10.000272, 16, 3, 13
6120.001666, 9.999753, 3, 0, 3
6130.001668, 10.000002, 15, 0, 15
6140.001675, 10.000007, 15, 1, 14
6150.001636, 9.999961, 8, 0, 8
6160.001635, 9.999999, 7, 0, 7
6170.001643, 10.000008, 16, 0, 16
6180.001641, 9.999998, 3, 0, 3
6190.001642, 10.000001, 15, 0, 15
6200.001785, 10.000143, 15, 0, 15
6210.001687, 9.999902, 8, 0, 8
6220.001639, 9.999952, 7, 0, 7
6230.001646, 10.000007, 16, 0, 16
6240.001742, 10.000096, 3, 0, 3
6250.002147, 10.000405, 15, 0, 15
6260.000642, 9.998495, 15, 0, 15
6270.001641, 10.000999, 8, 0, 8
6280.001636, 9.999995, 7, 0, 7
6290.001956, 10.00032, 16, 0, 16
6300.001637, 9.999681, 3, 0, 3
6310.001642, 10.000005, 15, 0, 15
6320.001637, 9.999995, 15, 0, 15
6330.001639, 10.000002, 8, 0, 8
6340.001641, 10.000002, 7, 0, 7
6350.00217, 10.000529, 16, 0, 16
6360.000809, 9.998639, 3, 0, 3
6370.001643, 10.000834, 15, 0, 15
6380.001664, 10.000021, 19, 4, 15
6390.001749, 10.000085, 8, 0, 8
6400.001635, 9.999886, 10, 3, 7
6410.001671, 10.000036, 20, 5, 15
6420.001682, 10.000011, 4, 1, 3
6430.001641, 9.999959, 12, 1, 11
6440.001645, 10.000004, 16, 1, 15
6450.001685, 10.00004, 11, 4, 7
6460.001667, 9.999982, 8, 0, 8
6470.00167, 10.000003, 17, 1, 16
6480.001675, 10.000005, 3, 2, 1
6490.00176, 10.000085, 17, 7, 10
6500.00164, 9.99988, 16, 5, 11
6510.001667, 10.000027, 12, 3, 9
6520.001673, 10.000006, 9, 0, 9
6530.001637, 9.999964, 15, 0, 15
6540.001845, 10.000208, 7, 4, 3
6550.00168, 9.999835, 17, 1, 16
6560.001668, 9.999988, 14, 3, 11
6570.001677, 10.000009, 14, 5, 9
6580.001677, 10.0, 8, 1, 7
6590.001665, 9.999988, 14, 3, 11
6600.001681, 10.000016, 8, 1, 7
6610.001637, 9.999956, 16, 7, 9
6620.001672, 10.000035, 11, 1, 10
6630.001639, 9.999967, 13, 0, 13
6640.00164, 10.000001, 7, 0, 7
6650.001667, 10.000027, 11, 2, 9
6660.00164, 9.999973, 7, 0, 7
6670.00172, 10.00008, 15, 0, 15
6680.001635, 9.999915, 11, 0, 11
6690.001679, 10.000044, 13, 0, 13
6700.00167, 9.999991, 7, 0, 7
6710.001643, 9.999973, 12, 1, 11
6720.001673, 10.00003, 6, 0, 6
6730.00164, 9.999967, 15, 0, 15
6740.001643, 10.000003, 11, 0, 11
6750.001649, 10.000006, 13, 0, 13
6760.001684, 10.000035, 7, 0, 7
6770.001698, 10.000014, 12, 0, 12
6780.001678, 9.99998, 6, 0, 6
6790.001679, 10.000001, 15, 0, 15
6800.001641, 9.999962, 11, 0, 11
6810.001671, 10.00003, 13, 0, 13
6820.001721, 10.00005, 7, 0, 7
6830.001678, 9.999957, 12, 0, 12
6840.002164, 10.000486, 6, 0, 6
6850.000644, 9.99848, 15, 0, 15
6860.001749, 10.001105, 11, 0, 11
6870.001668, 9.999919, 13, 0, 13
6880.001644, 9.999976, 7, 0, 7
6890.001682, 10.000038, 12, 0, 12
6900.00164, 9.999958, 6, 0, 6
6910.001674, 10.000034, 15, 0, 15
6920.00164, 9.999966, 11, 0, 11
6930.002, 10.00036, 13, 0, 13
6940.001718, 9.999718, 7, 0, 7
6950.001842, 10.000124, 12, 0, 12
6960.001676, 9.999834, 6, 0, 6
6970.001641, 9.999965, 15, 0, 15
6980.001639, 9.999998, 11, 0, 11
6990.001667, 10.000028, 13, 0, 13
7000.001725, 10.000058, 7, 0, 7
7010.001641, 9.999916, 12, 0, 12
7020.001686, 10.000045, 6, 0, 6
7030.001672, 9.999986, 15, 0, 15
7040.00164, 9.999968, 11, 0, 11
7050.001738, 10.000098, 13, 0, 13
7060.001721, 9.999983, 7, 0, 7
7070.001665, 9.999944, 12, 0, 12
7080.001637, 9.999972, 6, 0, 6
7090.001643, 10.000006, 15, 0, 15
7100.001737, 10.000094, 11, 0, 11
7110.001678, 9.999941, 13, 0, 13
7120.001639, 9.999961, 7, 0, 7
7130.001676, 10.000037, 12, 0, 12
7140.001709, 10.000033, 6, 0, 6
7150.001676, 9.999967, 15, 0, 15
7160.001641, 9.999965, 11, 0, 11
7170.001669, 10.000028, 13, 0, 13
7180.001677, 10.000008, 7, 0, 7
7190.001641, 9.999964, 12, 0, 12
7200.001674, 10.000033, 6, 0, 6
7210.00164, 9.999966, 15, 0, 15
7220.001676, 10.000036, 11, 0, 11
7230.00165, 9.999974, 13, 0, 13
7240.001676, 10.000026, 7, 0, 7
7250.00166, 9.999984, 12, 0, 12
7260.001935, 10.000275, 6, 0, 6
7270.00164, 9.999705, 15, 0, 15
7280.001681, 10.000041, 11, 0, 11
7290.001678, 9.999997, 13, 0, 13
7300.001676, 9.999998, 7, 0, 7
7310.001637, 9.999961, 12, 0, 12
7320.001679, 10.000042, 6, 0, 6
7330.00164, 9.999961, 15, 0, 15
7340.001656, 10.000016, 11, 0, 11
7350.00168, 10.000024, 13, 0, 13
7360.001678, 9.999998, 7, 0, 7
7370.001669, 9.999991, 12, 0, 12
7380.00164, 9.999971, 8, 0, 8
7390.001678, 10.000038, 15, 0, 15
7400.001678, 10.0, 11, 0, 11
7410.001665, 9.999987, 13, 0, 13
7420.001645, 9.99998, 7, 0, 7
7430.001642, 9.999997, 10, 0, 10
7440.001726, 10.000084, 8, 0, 8
7450.001678, 9.999952, 17, 0, 17
7460.001674, 9.999996, 11, 0, 11
7470.001724, 10.00005, 13, 0, 13
7480.001676, 9.999952, 7, 0, 7
7490.001671, 9.999995, 10, 0, 10
7500.001642, 9.999971, 6, 0, 6
7510.001687, 10.000045, 17, 0, 17
7520.001678, 9.999991, 11, 0, 11
7530.00185, 10.000172, 13, 0, 13
7540.001641, 9.999791, 7, 0, 7
7550.001674, 10.000033, 10, 0, 10
7560.001662, 9.999988, 6, 0, 6
7570.001718, 10.000056, 17, 0, 17
7580.001751, 10.000033, 11, 0, 11
7590.001641, 9.99989, 13, 0, 13
7600.001676, 10.000035, 9, 0, 9
7610.001733, 10.000057, 10, 0, 10
7620.001651, 9.999918, 6, 0, 6
7630.001756, 10.000105, 17, 0, 17
7640.001641, 9.999885, 15, 0, 15
7650.001956, 10.000315, 11, 0, 11
7660.001675, 9.999719, 9, 0, 9
7670.001647, 9.999972, 10, 0, 10
7680.001642, 9.999995, 6, 0, 6
7690.001642, 10.0, 13, 0, 13
7700.001678, 10.000036, 15, 0, 15
7710.001677, 9.999999, 11, 0, 11
7720.00164, 9.999963, 9, 0, 9
7730.001658, 10.000018, 10, 0, 10
7740.001669, 10.000011, 6, 0, 6
7750.001687, 10.000018, 13, 0, 13
7760.001641, 9.999954, 15, 0, 15
7770.001641, 10.0, 11, 0, 11
7780.001644, 10.000003, 9, 0, 9
7790.001753, 10.000109, 10, 0, 10
7800.002098, 10.000345, 6, 0, 6
7810.00071, 9.998612, 13, 0, 13
7820.001651, 10.000941, 15, 0, 15
7830.002233, 10.000582, 11, 0, 11
7840.00064, 9.998407, 9, 0, 9
7850.002597, 10.001957, 10, 0, 10
7860.000656, 9.998059, 6, 0, 6
7870.001641, 10.000985, 13, 0, 13
7880.001642, 10.000001, 15, 0, 15
7890.00168, 10.000038, 11, 0, 11
7900.00168, 10.0, 9, 0, 9
7910.001684, 10.000004, 10, 0, 10
7920.001727, 10.000043, 6, 0, 6
7930.00164, 9.999913, 14, 2, 12
7940.001641, 10.000001, 19, 4, 15
7950.002172, 10.000531, 10, 0, 10
7960.000646, 9.998474, 14, 5, 9
7970.001678, 10.001032, 9, 0, 9
7980.001975, 10.000297, 6, 2, 4
7990.001634, 9.999659, 13, 1, 12
8000.001642, 10.000008, 16, 0, 16
8010.001643, 10.000001, 9, 1, 8
8020.001678, 10.000035, 12, 1, 11
8030.002034, 10.000356, 9, 0, 9
8040.001677, 9.999643, 5, 0, 5
8050.001666, 9.999989, 13, 0, 13
8060.00164, 9.999974, 16, 0, 16
8070.00168, 10.00004, 9, 0, 9
8080.001676, 9.999996, 12, 0, 12
8090.001676, 10.0, 15, 6, 9
8100.001667, 9.999991, 7, 2, 5
8110.001641, 9.999974, 17, 5, 12
8120.001677, 10.000036, 12, 1, 11
8130.00168, 10.000003, 8, 1, 7
8140.001642, 9.999962, 11, 1, 10
8150.001637, 9.999995, 16, 4, 12
8160.001698, 10.000061, 6, 0, 6
8170.00164, 9.999942, 13, 0, 13
8180.001673, 10.000033, 12, 1, 11
8190.001938, 10.000265, 7, 0, 7
8200.001794, 9.999856, 12, 1, 11
8210.001634, 9.99984, 15, 0, 15
8220.00166, 10.000026, 5, 0, 5
8230.00164, 9.99998, 14, 2, 12
8240.00164, 10.0, 13, 2, 11
8250.001638, 9.999998, 7, 0, 7
8260.001639, 10.000001, 12, 0, 12
8270.001663, 10.000024, 14, 0, 14
8280.001769, 10.000106, 4, 0, 4
8290.001676, 9.999907, 14, 0, 14
8300.001716, 10.00004, 13, 0, 13
8310.001714, 9.999998, 7, 0, 7
8320.001709, 9.999995, 12, 0, 12
8330.001721, 10.000012, 14, 0, 14
8340.001827, 10.000106, 4, 0, 4
8350.001674, 9.999847, 14, 0, 14
8360.001666, 9.999992, 13, 0, 13
8370.001795, 10.000129, 7, 0, 7
8380.001661, 9.999866, 11, 0, 11
8390.001637, 9.999976, 15, 0, 15
8400.001669, 10.000032, 4, 0, 4
8410.001675, 10.000006, 14, 0, 14
8420.001674, 9.999999, 13, 0, 13
8430.00165, 9.999976, 7, 0, 7
8440.002211, 10.000561, 11, 0, 11
8450.00064, 9.998429, 15, 0, 15
8460.001642, 10.001002, 4, 0, 4
8470.001677, 10.000035, 14, 0, 14
8480.001682, 10.000005, 13, 0, 13
8490.001638, 9.999956, 7, 0, 7
8500.001685, 10.000047, 11, 0, 11
8510.001646, 9.999961, 15, 0, 15
8520.002293, 10.000647, 4, 0, 4
8530.000641, 9.998348, 14, 0, 14
8540.001645, 10.001004, 13, 0, 13
8550.001733, 10.000088, 8, 0, 8
8560.001759, 10.000026, 11, 0, 11
8570.001641, 9.999882, 15, 0, 15
8580.001979, 10.000338, 4, 0, 4
8590.001671, 9.999692, 14, 0, 14
8600.001678, 10.000007, 12, 0, 12
8610.00168, 10.000002, 8, 0, 8
8620.001642, 9.999962, 11, 0, 11
8630.001641, 9.999999, 15, 0, 15
8640.001681, 10.00004, 4, 0, 4
8650.001679, 9.999998, 14, 0, 14
8660.001678, 9.999999, 12, 0, 12
8670.001681, 10.000003, 8, 0, 8
8680.001723, 10.000042, 12, 0, 12
8690.001726, 10.000003, 15, 0, 15
8700.00169, 9.999964, 4, 0, 4
8710.00177, 10.00008, 16, 2, 14
8720.001678, 9.999908, 15, 3, 12
8730.001677, 9.999999, 10, 3, 7
8740.001672, 9.999995, 12, 2, 10
8750.001642, 9.99997, 14, 0, 14
8760.001682, 10.00004, 5, 1, 4
8770.001738, 10.000056, 15, 0, 15
8780.001676, 9.999938, 14, 5, 9
8790.001747, 10.000071, 7, 1, 6
8800.001693, 9.999946, 13, 1, 12
8810.001677, 9.999984, 16, 4, 12
8820.001762, 10.000085, 11, 6, 5
8830.00164, 9.999878, 17, 4, 13
8840.001644, 10.000004, 13, 2, 11
8850.001642, 9.999998, 7, 2, 5
8860.001701, 10.000059, 10, 1, 9
8870.001666, 9.999965, 11, 1, 10
8880.001639, 9.999973, 13, 4, 9
8890.001678, 10.000039, 15, 3, 12
8900.001645, 9.999967, 12, 0, 12
8910.001724, 10.000079, 19, 14, 5
8920.001673, 9.999949, 9, 1, 8
8930.001636, 9.999963, 11, 1, 10
8940.001812, 10.000176, 10, 0, 10
8950.001644, 9.999832, 10, 2, 8
8960.001679, 10.000035, 8, 0, 8
8970.001642, 9.999963, 17, 0, 17
8980.001672, 10.00003, 12, 4, 8
8990.001636, 9.999964, 10, 0, 10
9000.001642, 10.000006, 18, 8, 10
9010.001765, 10.000123, 10, 4, 6
9020.001643, 9.999878, 8, 3, 5
9030.001639, 9.999996, 18, 3, 15
9040.001679, 10.00004, 11, 2, 9
9050.001684, 10.000005, 10, 4, 6
9060.001673, 9.999989, 15, 0, 15
9070.001679, 10.000006, 6, 0, 6
9080.001723, 10.000044, 11, 5, 6
9090.001638, 9.999915, 23, 7, 16
9100.00164, 10.000002, 14, 3, 11
9110.001681, 10.000041, 9, 1, 8
9120.001667, 9.999986, 10, 1, 9
9130.001644, 9.999977, 5, 0, 5
9140.00164, 9.999996, 9, 0, 9
9150.001636, 9.999996, 21, 1, 20
9160.001639, 10.000003, 11, 0, 11
9170.001644, 10.000005, 8, 0, 8
9180.001744, 10.0001, 10, 0, 10
9190.001642, 9.999898, 5, 0, 5
9200.001668, 10.000026, 9, 0, 9
9210.001641, 9.999973, 21, 0, 21
9220.00167, 10.000029, 11, 0, 11
9230.001678, 10.000008, 8, 0, 8
9240.00168, 10.000002, 11, 1, 10
9250.001683, 10.000003, 4, 0, 4
9260.001644, 9.999961, 9, 0, 9
9270.001638, 9.999994, 21, 0, 21
9280.001636, 9.999998, 11, 0, 11
9290.001687, 10.000051, 8, 0, 8
9300.001642, 9.999955, 11, 0, 11
9310.001644, 10.000002, 4, 0, 4
9320.001672, 10.000028, 9, 0, 9
9330.0017, 10.000028, 21, 0, 21
9340.00164, 9.99994, 11, 0, 11
9350.001685, 10.000045, 8, 0, 8
9360.001678, 9.999993, 11, 0, 11
9370.002272, 10.000594, 4, 0, 4
9380.000646, 9.998374, 9, 0, 9
9390.001641, 10.000995, 21, 0, 21
9400.001637, 9.999996, 11, 0, 11
9410.001647, 10.00001, 8, 1, 7
9420.001733, 10.000086, 11, 0, 11
9430.001697, 9.999964, 4, 0, 4
9440.001663, 9.999966, 9, 0, 9
9450.001676, 10.000013, 21, 0, 21
9460.001648, 9.999972, 11, 0, 11
9470.001779, 10.000131, 8, 0, 8
9480.001691, 9.999912, 14, 0, 14
9490.001644, 9.999953, 4, 0, 4
9500.001673, 10.000029, 9, 0, 9
9510.001678, 10.000005, 21, 0, 21
9520.001811, 10.000133, 11, 0, 11
9530.001646, 9.999835, 5, 0, 5
9540.001682, 10.000036, 14, 0, 14
9550.001672, 9.99999, 4, 0, 4
9560.00164, 9.999968, 9, 0, 9
9570.001682, 10.000042, 21, 0, 21
9580.001679, 9.999997, 11, 0, 11
9590.001685, 10.000006, 5, 0, 5
9600.001669, 9.999984, 14, 0, 14
9610.001703, 10.000034, 4, 0, 4
9620.001719, 10.000016, 9, 0, 9
9630.001642, 9.999923, 21, 0, 21
9640.001638, 9.999996, 11, 0, 11
9650.00193, 10.000292, 5, 0, 5
9660.001865, 9.999935, 14, 0, 14
9670.001852, 9.999987, 4, 0, 4
9680.001757, 9.999905, 9, 0, 9
9690.001658, 9.999901, 21, 0, 21
9700.001718, 10.00006, 11, 0, 11
9710.002938, 10.00122, 5, 0, 5
9720.001637, 9.998699, 14, 0, 14
9730.001652, 10.000015, 4, 0, 4
9740.00169, 10.000038, 9, 0, 9
9750.001662, 9.999972, 21, 0, 21
9760.001677, 10.000015, 11, 0, 11
9770.00168, 10.000003, 5, 0, 5
9780.00211, 10.00043, 14, 0, 14
9790.00093, 9.99882, 4, 0, 4
9800.001635, 10.000705, 9, 0, 9
9810.001677, 10.000042, 21, 0, 21
9820.001642, 9.999965, 11, 0, 11
9830.001682, 10.00004, 5, 0, 5
9840.001685, 10.000003, 14, 0, 14
9850.001655, 9.99997, 4, 0, 4
9860.001727, 10.000072, 9, 0, 9
9870.001639, 9.999912, 21, 0, 21
9880.001674, 10.000035, 11, 0, 11
9890.001675, 10.000001, 5, 0, 5
9900.001684, 10.000009, 14, 0, 14
9910.00167, 9.999986, 4, 0, 4
9920.001767, 10.000097, 9, 0, 9
9930.001684, 9.999917, 22, 1, 21
9940.001679, 9.999995, 12, 1, 11
9950.001647, 9.999968, 10, 5, 5
9960.00168, 10.000033, 18, 7, 11
9970.001682, 10.000002, 4, 0, 4
9980.001639, 9.999957, 10, 2, 8
9990.001642, 10.000003, 19, 3, 16
10000.001677, 10.000035, 11, 2, 9
10010.001643, 9.999966, 12, 0, 12
10020.001705, 10.000062, 16, 2, 14
10030.001678, 9.999973, 5, 2, 3
10040.001676, 9.999998, 8, 0, 8
10050.001669, 9.999993, 19, 2, 17
10060.001784, 10.000115, 8, 1, 7
10070.003598, 10.001814, 11, 0, 11
10080.000644, 9.997046, 13, 0, 13
10090.001707, 10.001063, 5, 0, 5
10100.001688, 9.999981, 10, 0, 10
10110.001688, 10.0, 19, 0, 19
10120.001643, 9.999955, 8, 0, 8
10130.002848, 10.001205, 11, 0, 11
10140.001682, 9.998834, 13, 0, 13
10150.001681, 9.999999, 3, 0, 3
10160.001679, 9.999998, 10, 0, 10
10170.001639, 9.99996, 19, 0, 19
10180.001641, 10.000002, 8, 0, 8
10190.001641, 10.0, 13, 0, 13
10200.001645, 10.000004, 13, 0, 13
10210.00168, 10.000035, 3, 0, 3
10220.00168, 10.0, 10, 0, 10
10230.00168, 10.0, 19, 0, 19
10240.001656, 9.999976, 6, 0, 6
10250.001645, 9.999989, 13, 0, 13
10260.001639, 9.999994, 13, 0, 13
10270.001821, 10.000182, 3, 0, 3
10280.001677, 9.999856, 10, 0, 10
10290.001677, 10.0, 19, 0, 19
10300.00167, 9.999993, 6, 0, 6
10310.001673, 10.000003, 13, 0, 13
10320.001739, 10.000066, 13, 0, 13
10330.001679, 9.99994, 3, 0, 3
10340.001674, 9.999995, 10, 0, 10
10350.001642, 9.999968, 19, 0, 19
10360.001636, 9.999994, 6, 0, 6
10370.001645, 10.000009, 13, 0, 13
10380.001642, 9.999997, 13, 0, 13
10390.00168, 10.000038, 3, 0, 3
10400.001679, 9.999999, 10, 0, 10
10410.001644, 9.999965, 19, 0, 19
10420.00167, 10.000026, 6, 0, 6
10430.001654, 9.999984, 13, 0, 13
10440.001677, 10.000023, 13, 0, 13
10450.001776, 10.000099, 3, 0, 3
10460.001732, 9.999956, 10, 0, 10
10470.001636, 9.999904, 19, 0, 19
10480.00164, 10.000004, 6, 0, 6
10490.00164, 10.0, 13, 0, 13
10500.001677, 10.000037, 13, 0, 13
10510.00168, 10.000003, 3, 0, 3
10520.001677, 9.999997, 10, 0, 10
10530.001665, 9.999988, 19, 0, 19
10540.001647, 9.999982, 6, 0, 6
10550.00175, 10.000103, 13, 0, 13
10560.001803, 10.000053, 13, 0, 13
10570.001677, 9.999874, 3, 0, 3
10580.001677, 10.0, 10, 0, 10
10590.001702, 10.000025, 19, 0, 19
10600.001661, 9.999959, 6, 0, 6
10610.001872, 10.000211, 13, 0, 13
10620.001674, 9.999802, 13, 0, 13
10630.002163, 10.000489, 3, 0, 3
10640.000677, 9.998514, 10, 0, 10
10650.001667, 10.00099, 19, 0, 19
10660.001641, 9.999974, 6, 0, 6
10670.001799, 10.000158, 13, 0, 13
10680.002182, 10.000383, 13, 0, 13
10690.000681, 9.998499, 3, 0, 3
10700.001677, 10.000996, 10, 0, 10
10710.001639, 9.999962, 19, 0, 19
10720.001641, 10.000002, 6, 0, 6
10730.001723, 10.000082, 13, 0, 13
10740.001655, 9.999932, 13, 0, 13
10750.001682, 10.000027, 3, 0, 3
10760.001642, 9.99996, 10, 0, 10
10770.001639, 9.999997, 19, 0, 19
10780.001691, 10.000052, 6, 0, 6
10790.001677, 9.999986, 13, 0, 13
10800.00164, 9.999963, 13, 0, 13
10801.022957, 1.021317, 1, 0, 1
