elapsed, window, total, successful, failed
10.00322, 10.00322, 23975, 23896, 79
20.002986, 9.999766, 22311, 22240, 71
30.003036, 10.00005, 22935, 22837, 98
40.003093, 10.000057, 22191, 21949, 242
50.002584, 9.999491, 20841, 20737, 104
60.002391, 9.999807, 22263, 22126, 137
70.007242, 10.004851, 23002, 22756, 246
80.002954, 9.995712, 21907, 21708, 199
90.002969, 10.000015, 22607, 22529, 78
100.003224, 10.000255, 22187, 22105, 82
110.002746, 9.999522, 19209, 19209, 0
120.002901, 10.000155, 22505, 22438, 67
130.002301, 9.9994, 21079, 21013, 66
140.002258, 9.999957, 21979, 21979, 0
150.003575, 10.001317, 22329, 22329, 0
160.006929, 10.003354, 20814, 20814, 0
170.002002, 9.995073, 19697, 19697, 0
180.002281, 10.000279, 21025, 21025, 0
190.00309, 10.000809, 22551, 22478, 73
200.011244, 10.008154, 22307, 22248, 59
210.001955, 9.990711, 20975, 20906, 69
220.001754, 9.999799, 18997, 18938, 59
230.007005, 10.005251, 22234, 22234, 0
240.001188, 9.994183, 21967, 21844, 123
250.002583, 10.001395, 22233, 22112, 121
260.003068, 10.000485, 21080, 21080, 0
270.00367, 10.000602, 22077, 21953, 124
280.003026, 9.999356, 20956, 20883, 73
290.001447, 9.998421, 19694, 19694, 0
300.002964, 10.001517, 20231, 20181, 50
310.002276, 9.999312, 21676, 21398, 278
320.002775, 10.000499, 21428, 21420, 8
330.001876, 9.999101, 22409, 22340, 69
340.00132, 9.999444, 21614, 21576, 38
350.003421, 10.002101, 20858, 20731, 127
360.000181, 9.99676, 21967, 21858, 109
370.003632, 10.003451, 20001, 20001, 0
380.001388, 9.997756, 21664, 21664, 0
390.003585, 10.002197, 18615, 18512, 103
400.004872, 10.001287, 22665, 22595, 70
410.003393, 9.998521, 22400, 22360, 40
420.002113, 9.99872, 22274, 22249, 25
430.001231, 9.999118, 22314, 22138, 176
440.00129, 10.000059, 22578, 22578, 0
450.005107, 10.003817, 22628, 22628, 0
460.002421, 9.997314, 21386, 21210, 176
470.001192, 9.998771, 20137, 20058, 79
480.004158, 10.002966, 22959, 22958, 1
490.00642, 10.002262, 18154, 18154, 0
500.001694, 9.995274, 21552, 21552, 0
510.003559, 10.001865, 22159, 22159, 0
520.006035, 10.002476, 22651, 22651, 0
530.002474, 9.996439, 21677, 21677, 0
540.005535, 10.003061, 22152, 22152, 0
550.001357, 9.995822, 20899, 20828, 71
560.002771, 10.001414, 22896, 22896, 0
570.0023, 9.999529, 21068, 21068, 0
580.001163, 9.998863, 20570, 20570, 0
590.003068, 10.001905, 20945, 20861, 84
600.002294, 9.999226, 22022, 22022, 0
610.002526, 10.000232, 22626, 22567, 59
620.002304, 9.999778, 21043, 20985, 58
630.002425, 10.000121, 22042, 21993, 49
640.004209, 10.001784, 21489, 21489, 0
650.006667, 10.002458, 20157, 20097, 60
660.001609, 9.994942, 20074, 20006, 68
670.001204, 9.999595, 20778, 20778, 0
680.00561, 10.004406, 20634, 20634, 0
690.002747, 9.997137, 20175, 20049, 126
700.00273, 9.999983, 22141, 22141, 0
710.002675, 9.999945, 21451, 21451, 0
720.00288, 10.000205, 18203, 18120, 83
730.001459, 9.998579, 22478, 22363, 115
740.004727, 10.003268, 22360, 22360, 0
750.001519, 9.996792, 20202, 20202, 0
760.003351, 10.001832, 22443, 22443, 0
770.004468, 10.001117, 20619, 20549, 70
780.003796, 9.999328, 22393, 22393, 0
790.006481, 10.002685, 22473, 22473, 0
800.003539, 9.997058, 20887, 20749, 138
810.00125, 9.997711, 22407, 22407, 0
820.004249, 10.002999, 21779, 21779, 0
830.005452, 10.001203, 22604, 22538, 66
840.002346, 9.996894, 20981, 20933, 48
850.005442, 10.003096, 22171, 22170, 1
860.001339, 9.995897, 21593, 21593, 0
870.008205, 10.006866, 19528, 19472, 56
880.002033, 9.993828, 22945, 22878, 67
890.0054, 10.003367, 22119, 22119, 0
900.002301, 9.996901, 20789, 20789, 0
910.002752, 10.000451, 20058, 19974, 84
920.003976, 10.001224, 22779, 22632, 147
930.001698, 9.997722, 22348, 22348, 0
940.005134, 10.003436, 22526, 22526, 0
950.001233, 9.996099, 19245, 19237, 8
960.001214, 9.999981, 21168, 21120, 48
970.002334, 10.00112, 21308, 21253, 55
980.002039, 9.999705, 22543, 22492, 51
990.003676, 10.001637, 22358, 22358, 0
1000.002074, 9.998398, 21215, 21145, 70
1010.006913, 10.004839, 21675, 21675, 0
1020.00428, 9.997367, 21265, 21214, 51
1030.005561, 10.001281, 22359, 22301, 58
1040.002363, 9.996802, 21569, 21448, 121
1050.004371, 10.002008, 22085, 22085, 0
1060.00263, 9.998259, 22290, 22230, 60
1070.003498, 10.000868, 21236, 21188, 48
1080.002171, 9.998673, 19701, 19601, 100
1090.00281, 10.000639, 20354, 20331, 23
1100.002826, 10.000016, 22178, 22178, 0
1110.002542, 9.999716, 22424, 22297, 127
1120.002014, 9.999472, 19512, 19464, 48
1130.006729, 10.004715, 22495, 22495, 0
1140.001651, 9.994922, 21426, 21370, 56
1150.00397, 10.002319, 22449, 22317, 132
1160.002808, 9.998838, 21939, 21939, 0
1170.002049, 9.999241, 22559, 22559, 0
1180.001963, 9.999914, 17643, 17578, 65
1190.004119, 10.002156, 19811, 19760, 51
1200.002421, 9.998302, 20845, 20774, 71
1210.001631, 9.99921, 20229, 20229, 0
1220.00254, 10.000909, 20793, 20793, 0
1230.003539, 10.000999, 22061, 21913, 148
1240.002326, 9.998787, 22070, 22070, 0
1250.002373, 10.000047, 19844, 19844, 0
1260.002863, 10.00049, 22084, 21968, 116
1270.001997, 9.999134, 22245, 22245, 0
1280.002688, 10.000691, 21805, 21805, 0
1290.001767, 9.999079, 21799, 21629, 170
1300.001461, 9.999694, 20376, 20376, 0
1310.005149, 10.003688, 22517, 22517, 0
1320.001747, 9.996598, 22136, 22099, 37
1330.001228, 9.999481, 21975, 21891, 84
1340.003283, 10.002055, 22117, 22117, 0
1350.007504, 10.004221, 20447, 20392, 55
1360.0018, 9.994296, 21926, 21926, 0
1370.003002, 10.001202, 21704, 21637, 67
1380.001499, 9.998497, 22098, 22098, 0
1390.008376, 10.006877, 22514, 22514, 0
1400.001554, 9.993178, 20372, 20245, 127
1410.002812, 10.001258, 21845, 21845, 0
1420.001664, 9.998852, 22420, 22420, 0
1430.001291, 9.999627, 21576, 21517, 59
1440.004276, 10.002985, 19605, 19533, 72
1450.003316, 9.99904, 22917, 22917, 0
1460.003121, 9.999805, 22051, 21995, 56
1470.002207, 9.999086, 21455, 21223, 232
1480.005163, 10.002956, 21343, 21273, 70
1490.004275, 9.999112, 22379, 22379, 0
1500.002951, 9.998676, 21760, 21704, 56
1510.003846, 10.000895, 21968, 21963, 5
1520.003242, 9.999396, 22425, 22371, 54
1530.002018, 9.998776, 22730, 22730, 0
1540.003636, 10.001618, 20492, 20381, 111
1550.001344, 9.997708, 22736, 22736, 0
1560.002469, 10.001125, 22073, 22073, 0
1570.010055, 10.007586, 22300, 22300, 0
1580.004193, 9.994138, 19155, 19155, 0
1590.002251, 9.998058, 22291, 22291, 0
1600.001231, 9.99898, 20168, 19998, 170
1610.001888, 10.000657, 16010, 16010, 0
1620.004273, 10.002385, 21269, 21220, 49
1630.00914, 10.004867, 21194, 21138, 56
1640.00141, 9.99227, 21722, 21722, 0
1650.002702, 10.001292, 19118, 19089, 29
1660.005154, 10.002452, 21794, 21794, 0
1670.009423, 10.004269, 21134, 21134, 0
1680.002539, 9.993116, 22038, 22038, 0
1690.002408, 9.999869, 22152, 22152, 0
1700.002404, 9.999996, 22582, 22518, 64
1710.003965, 10.001561, 19169, 19111, 58
1720.002616, 9.998651, 14415, 14415, 0
1730.002576, 9.99996, 20794, 20794, 0
1740.004514, 10.001938, 21858, 21684, 174
1750.001726, 9.997212, 17884, 17837, 47
1760.004748, 10.003022, 18610, 18592, 18
1770.005664, 10.000916, 21649, 21649, 0
1780.007537, 10.001873, 21757, 21655, 102
1790.001472, 9.993935, 17072, 17072, 0
1800.002402, 10.00093, 13420, 13420, 0
1810.001307, 9.998905, 22507, 22454, 53
1820.003034, 10.001727, 18893, 18893, 0
1830.003592, 10.000558, 21560, 21560, 0
1840.004, 10.000408, 18894, 18894, 0
1850.00458, 10.00058, 21684, 21625, 59
1860.001223, 9.996643, 17268, 17210, 58
1870.002393, 10.00117, 18575, 18512, 63
1880.004478, 10.002085, 17882, 17882, 0
1890.001169, 9.996691, 20017, 20017, 0
1900.002895, 10.001726, 18884, 18884, 0
1910.005598, 10.002703, 20229, 20229, 0
1920.003762, 9.998164, 20838, 20718, 120
1930.001354, 9.997592, 18608, 18554, 54
1940.002587, 10.001233, 20549, 20549, 0
1950.002589, 10.000002, 18176, 18151, 25
1960.001362, 9.998773, 19607, 19592, 15
1970.003279, 10.001917, 20349, 20349, 0
1980.002949, 9.99967, 20682, 20607, 75
1990.001221, 9.998272, 17812, 17759, 53
2000.002536, 10.001315, 17080, 17011, 69
2010.001301, 9.998765, 19982, 19931, 51
2020.002728, 10.001427, 17557, 17557, 0
2030.001582, 9.998854, 17620, 17620, 0
2040.00367, 10.002088, 19412, 19412, 0
2050.002618, 9.998948, 20568, 20568, 0
2060.00207, 9.999452, 20280, 20266, 14
2070.00454, 10.00247, 17789, 17686, 103
2080.00244, 9.9979, 17230, 17230, 0
2090.001145, 9.998705, 17531, 17531, 0
2100.001743, 10.000598, 19896, 19850, 46
2110.00512, 10.003377, 17741, 17658, 83
2120.001703, 9.996583, 11892, 11892, 0
2130.004168, 10.002465, 21080, 21080, 0
2140.004461, 10.000293, 18259, 18162, 97
2150.002315, 9.997854, 11836, 11836, 0
2160.002121, 9.999806, 21022, 20971, 51
2170.003112, 10.000991, 18973, 18923, 50
2180.002139, 9.999027, 18551, 18551, 0
2190.001163, 9.999024, 18252, 18252, 0
2200.002441, 10.001278, 19906, 19906, 0
2210.001981, 9.99954, 19165, 19039, 126
2220.002356, 10.000375, 14820, 14820, 0
2230.002452, 10.000096, 17082, 17082, 0
2240.001532, 9.99908, 19078, 19067, 11
2250.001164, 9.999632, 20269, 20232, 37
2260.002454, 10.00129, 18983, 18983, 0
2270.003408, 10.000954, 20021, 20021, 0
2280.002268, 9.99886, 19652, 19517, 135
2290.003272, 10.001004, 17769, 17769, 0
2300.001237, 9.997965, 16671, 16616, 55
2310.001607, 10.00037, 20450, 20450, 0
2320.001127, 9.99952, 18981, 18883, 98
2330.001791, 10.000664, 17340, 17340, 0
2340.001144, 9.999353, 17056, 17056, 0
2350.002675, 10.001531, 18393, 18253, 140
2360.001878, 9.999203, 17329, 17284, 45
2370.001356, 9.999478, 15900, 15900, 0
2380.001461, 10.000105, 16383, 16382, 1
2390.002591, 10.00113, 18478, 18418, 60
2400.0012, 9.998609, 18516, 18440, 76
2410.00141, 10.00021, 16549, 16549, 0
2420.001975, 10.000565, 19020, 18965, 55
2430.001185, 9.99921, 20349, 20349, 0
2440.001217, 10.000032, 18991, 18936, 55
2450.002443, 10.001226, 16309, 16309, 0
2460.001373, 9.99893, 19149, 19027, 122
2470.001199, 9.999826, 17239, 17239, 0
2480.001588, 10.000389, 17763, 17763, 0
2490.002553, 10.000965, 19367, 19366, 1
2500.002875, 10.000322, 19322, 19322, 0
2510.003025, 10.00015, 19277, 19201, 76
2520.00225, 9.999225, 19846, 19777, 69
2530.001603, 9.999353, 18161, 18105, 56
2540.003118, 10.001515, 16931, 16931, 0
2550.001177, 9.998059, 19700, 19700, 0
2560.001193, 10.000016, 18443, 18443, 0
2570.001883, 10.00069, 19423, 19370, 53
2580.00115, 9.999267, 16014, 16014, 0
2590.001445, 10.000295, 19600, 19600, 0
2600.001496, 10.000051, 18994, 18948, 46
2610.001803, 10.000307, 17630, 17630, 0
2620.004155, 10.002352, 17661, 17661, 0
2630.001198, 9.997043, 19796, 19795, 1
2640.001443, 10.000245, 18172, 18083, 89
2650.00245, 10.001007, 15539, 15539, 0
2660.003408, 10.000958, 18964, 18860, 104
2670.002628, 9.99922, 18238, 18238, 0
2680.001216, 9.998588, 18804, 18804, 0
2690.001887, 10.000671, 19628, 19573, 55
2700.001184, 9.999297, 18958, 18958, 0
2710.002225, 10.001041, 19203, 19140, 63
2720.00148, 9.999255, 17074, 17074, 0
2730.0016, 10.00012, 19808, 19763, 45
2740.0028, 10.0012, 18120, 18040, 80
2750.001221, 9.998421, 17175, 17112, 63
2760.006388, 10.005167, 15839, 15799, 40
2770.002466, 9.996078, 15984, 15976, 8
2780.002903, 10.000437, 19262, 19262, 0
2790.001203, 9.9983, 20095, 20095, 0
2800.001952, 10.000749, 20002, 19942, 60
2810.002374, 10.000422, 17348, 17348, 0
2820.002781, 10.000407, 17998, 17933, 65
2830.001832, 9.999051, 19524, 19524, 0
2840.002959, 10.001127, 15569, 15569, 0
2850.001589, 9.99863, 19292, 19292, 0
2860.003537, 10.001948, 20596, 20596, 0
2870.003179, 9.999642, 19851, 19851, 0
2880.001208, 9.998029, 20613, 20613, 0
2890.002843, 10.001635, 18230, 18144, 86
2900.001262, 9.998419, 18359, 18266, 93
2910.001232, 9.99997, 17173, 17173, 0
2920.001798, 10.000566, 14738, 14738, 0
2930.002772, 10.000974, 20596, 20542, 54
2940.002104, 9.999332, 17017, 17017, 0
2950.001655, 9.999551, 16582, 16582, 0
2960.001561, 9.999906, 19742, 19633, 109
2970.00251, 10.000949, 19659, 19599, 60
2980.001299, 9.998789, 13101, 13101, 0
2990.008404, 10.007105, 18782, 18782, 0
3000.001247, 9.992843, 20668, 20668, 0
3010.00123, 9.999983, 20283, 20283, 0
3020.001223, 9.999993, 19366, 19366, 0
3030.002763, 10.00154, 19902, 19884, 18
3040.001178, 9.998415, 16535, 16471, 64
3050.001723, 10.000545, 16324, 16324, 0
3060.002461, 10.000738, 19939, 19939, 0
3070.004244, 10.001783, 19992, 19941, 51
3080.001461, 9.997217, 17625, 17586, 39
3090.006869, 10.005408, 15552, 15552, 0
3100.002111, 9.995242, 15953, 15953, 0
3110.001313, 9.999202, 17764, 17764, 0
3120.00474, 10.003427, 18454, 18397, 57
3130.005538, 10.000798, 17282, 17282, 0
3140.003034, 9.997496, 19322, 19285, 37
3150.001615, 9.998581, 15873, 15850, 23
3160.003114, 10.001499, 13856, 13827, 29
3170.002761, 9.999647, 16680, 16680, 0
3180.001351, 9.99859, 18156, 18091, 65
3190.001708, 10.000357, 16758, 16758, 0
3200.001134, 9.999426, 15737, 15737, 0
3210.001204, 10.00007, 19136, 19136, 0
3220.002188, 10.000984, 18839, 18729, 110
3230.001216, 9.999028, 11096, 11096, 0
3240.001816, 10.0006, 20144, 20144, 0
3250.002621, 10.000805, 17127, 17063, 64
3260.001165, 9.998544, 17378, 17378, 0
3270.001227, 10.000062, 19478, 19478, 0
3280.003575, 10.002348, 18024, 18024, 0
3290.001545, 9.99797, 18611, 18556, 55
3300.003523, 10.001978, 19297, 19296, 1
3310.006267, 10.002744, 17192, 17192, 0
3320.002726, 9.996459, 19361, 19361, 0
3330.001583, 9.998857, 18159, 18159, 0
3340.002325, 10.000742, 19687, 19687, 0
3350.002432, 10.000107, 18753, 18697, 56
3360.002496, 10.000064, 19021, 18896, 125
3370.001308, 9.998812, 15920, 15812, 108
3380.005232, 10.003924, 10702, 10667, 35
3390.003066, 9.997834, 13011, 12951, 60
3400.002942, 9.999876, 17076, 17035, 41
3410.001566, 9.998624, 19225, 19225, 0
3420.001873, 10.000307, 12643, 12643, 0
3430.001696, 9.999823, 14704, 14704, 0
3440.001134, 9.999438, 19180, 19180, 0
3450.001818, 10.000684, 20773, 20718, 55
3460.003199, 10.001381, 19877, 19757, 120
3470.001448, 9.998249, 19165, 19165, 0
3480.004331, 10.002883, 15397, 15397, 0
3490.001222, 9.996891, 9829, 9829, 0
3500.001218, 9.999996, 18807, 18807, 0
3510.004608, 10.00339, 20655, 20655, 0
3520.00496, 10.000352, 19493, 19493, 0
3530.001156, 9.996196, 18738, 18738, 0
3540.001239, 10.000083, 19174, 19174, 0
3550.001764, 10.000525, 17365, 17365, 0
3560.001576, 9.999812, 18411, 18411, 0
3570.001627, 10.000051, 17660, 17660, 0
3580.001499, 9.999872, 18944, 18893, 51
3590.001145, 9.999646, 16086, 16086, 0
3600.001574, 10.000429, 15687, 15632, 55
3610.001402, 9.999828, 20017, 20017, 0
3620.001468, 10.000066, 16788, 16788, 0
3630.002902, 10.001434, 16741, 16693, 48
3640.001443, 9.998541, 19843, 19801, 42
3650.001356, 9.999913, 16045, 15994, 51
3660.001577, 10.000221, 12060, 12060, 0
3670.001967, 10.00039, 18232, 18185, 47
3680.003643, 10.001676, 18520, 18469, 51
3690.001201, 9.997558, 16945, 16945, 0
3700.003356, 10.002155, 16324, 16324, 0
3710.001161, 9.997805, 18945, 18906, 39
3720.001614, 10.000453, 18730, 18730, 0
3730.001274, 9.99966, 19890, 19890, 0
3740.00212, 10.000846, 19719, 19664, 55
3750.005501, 10.003381, 18366, 18321, 45
3760.002857, 9.997356, 17333, 17333, 0
3770.002484, 9.999627, 15616, 15603, 13
3780.002158, 9.999674, 16657, 16625, 32
3790.001811, 9.999653, 16833, 16833, 0
3800.001775, 9.999964, 18878, 18878, 0
3810.002169, 10.000394, 18839, 18839, 0
3820.005014, 10.002845, 18266, 18222, 44
3830.001335, 9.996321, 18921, 18921, 0
3840.002123, 10.000788, 17149, 17149, 0
3850.001163, 9.99904, 18822, 18822, 0
3860.002466, 10.001303, 17982, 17946, 36
3870.004137, 10.001671, 14793, 14793, 0
3880.006318, 10.002181, 19953, 19874, 79
3890.004448, 9.99813, 17865, 17847, 18
3900.001178, 9.99673, 15458, 15444, 14
3910.003702, 10.002524, 16259, 16259, 0
3920.001988, 9.998286, 17292, 17291, 1
3930.00298, 10.000992, 19034, 19034, 0
3940.002076, 9.999096, 18752, 18705, 47
3950.002489, 10.000413, 19995, 19943, 52
3960.001228, 9.998739, 14242, 14242, 0
3970.004363, 10.003135, 18167, 18167, 0
3980.002449, 9.998086, 19577, 19577, 0
3990.002675, 10.000226, 19864, 19864, 0
4000.002648, 9.999973, 20349, 20283, 66
4010.002197, 9.999549, 17645, 17645, 0
4020.002353, 10.000156, 18232, 18232, 0
4030.002653, 10.0003, 17396, 17396, 0
4040.001335, 9.998682, 19510, 19449, 61
4050.002686, 10.001351, 16354, 16354, 0
4060.002217, 9.999531, 19208, 19161, 47
4070.001391, 9.999174, 17088, 17063, 25
4080.001207, 9.999816, 18252, 18252, 0
4090.004449, 10.003242, 17427, 17427, 0
4100.000277, 9.995828, 19692, 19692, 0
4110.001335, 10.001058, 20285, 20239, 46
4120.00315, 10.001815, 19296, 19293, 3
4130.002052, 9.998902, 17932, 17829, 103
4140.000332, 9.99828, 17497, 17497, 0
4150.002229, 10.001897, 15713, 15713, 0
4160.00167, 9.999441, 17941, 17941, 0
4170.002028, 10.000358, 19051, 18999, 52
4180.003651, 10.001623, 17143, 17143, 0
4190.001888, 9.998237, 17718, 17718, 0
4200.001172, 9.999284, 19848, 19729, 119
4210.003917, 10.002745, 16152, 16152, 0
4220.001974, 9.998057, 12526, 12526, 0
4230.001291, 9.999317, 20127, 20127, 0
4240.002158, 10.000867, 19180, 19065, 115
4250.002259, 10.000101, 15295, 15295, 0
4260.001139, 9.99888, 14829, 14784, 45
4270.001267, 10.000128, 17699, 17699, 0
4280.001144, 9.999877, 17571, 17571, 0
4290.001139, 9.999995, 18655, 18655, 0
4300.005325, 10.004186, 18395, 18395, 0
4310.00139, 9.996065, 19576, 19466, 110
4320.005024, 10.003634, 16860, 16860, 0
4330.0016, 9.996576, 13540, 13540, 0
4340.002524, 10.000924, 14637, 14637, 0
4350.002655, 10.000131, 18535, 18478, 57
4360.00205, 9.999395, 12513, 12513, 0
4370.001825, 9.999775, 18795, 18795, 0
4380.004695, 10.00287, 18840, 18743, 97
4390.001262, 9.996567, 13388, 13388, 0
4400.001218, 9.999956, 19437, 19437, 0
4410.001168, 9.99995, 18500, 18500, 0
4420.00118, 10.000012, 15820, 15740, 80
4430.002844, 10.001664, 12697, 12697, 0
4440.007063, 10.004219, 15387, 15387, 0
4450.001503, 9.99444, 16907, 16907, 0
4460.002967, 10.001464, 17983, 17983, 0
4470.001792, 9.998825, 18696, 18696, 0
4480.002066, 10.000274, 17512, 17481, 31
4490.001484, 9.999418, 18243, 18219, 24
4500.00167, 10.000186, 15199, 15199, 0
4510.001319, 9.999649, 16003, 16003, 0
4520.003069, 10.00175, 18376, 18376, 0
4530.005087, 10.002018, 18974, 18974, 0
4540.001363, 9.996276, 15097, 15097, 0
4550.001143, 9.99978, 16362, 16362, 0
4560.002772, 10.001629, 14935, 14898, 37
4570.001189, 9.998417, 16584, 16584, 0
4580.002715, 10.001526, 12172, 12172, 0
4590.001147, 9.998432, 16976, 16938, 38
4600.001219, 10.000072, 16883, 16883, 0
4610.001142, 9.999923, 13339, 13339, 0
4620.001298, 10.000156, 18382, 18333, 49
4630.002729, 10.001431, 17854, 17764, 90
4640.001184, 9.998455, 12884, 12830, 54
4650.001744, 10.00056, 13874, 13874, 0
4660.001319, 9.999575, 17482, 17373, 109
4670.001189, 9.99987, 17984, 17984, 0
4680.001176, 9.999987, 12057, 12057, 0
4690.002807, 10.001631, 18210, 18210, 0
4700.002284, 9.999477, 19844, 19844, 0
4710.001287, 9.999003, 15845, 15798, 47
4720.005537, 10.00425, 16609, 16609, 0
4730.001246, 9.995709, 18434, 18385, 49
4740.001174, 9.999928, 13255, 13255, 0
4750.001283, 10.000109, 14441, 14441, 0
4760.005308, 10.004025, 13709, 13682, 27
4770.003694, 9.998386, 15075, 15067, 8
4780.001371, 9.997677, 15527, 15488, 39
4790.003069, 10.001698, 18077, 18077, 0
4800.000835, 9.997766, 16518, 16471, 47
4810.001211, 10.000376, 16038, 16038, 0
4820.002193, 10.000982, 13955, 13912, 43
4830.001184, 9.998991, 15474, 15421, 53
4840.001247, 10.000063, 14029, 14029, 0
4850.002482, 10.001235, 11477, 11477, 0
4860.005141, 10.002659, 15452, 15452, 0
4870.002116, 9.996975, 17689, 17626, 63
4880.000397, 9.998281, 13419, 13419, 0
4890.004164, 10.003767, 15819, 15819, 0
4900.002117, 9.997953, 11196, 11123, 73
4910.001804, 9.999687, 16898, 16874, 24
4920.001148, 9.999344, 13918, 13886, 32
4930.01233, 10.011182, 12445, 12445, 0
4940.001381, 9.989051, 14786, 14786, 0
4950.003074, 10.001693, 15208, 15208, 0
4960.002464, 9.99939, 16757, 16757, 0
4970.001369, 9.998905, 15331, 15282, 49
4980.003657, 10.002288, 16130, 16130, 0
4990.001133, 9.997476, 15215, 15215, 0
5000.001148, 10.000015, 14852, 14852, 0
5010.001227, 10.000079, 14974, 14974, 0
5020.002696, 10.001469, 15983, 15983, 0
5030.001348, 9.998652, 16327, 16327, 0
5040.001259, 9.999911, 15970, 15922, 48
5050.001136, 9.999877, 11752, 11752, 0
5060.001802, 10.000666, 17718, 17718, 0
5070.001309, 9.999507, 14901, 14841, 60
5080.001186, 9.999877, 16151, 16118, 33
5090.002981, 10.001795, 11256, 11256, 0
5100.001685, 9.998704, 13731, 13731, 0
5110.002223, 10.000538, 16851, 16804, 47
5120.001148, 9.998925, 13315, 13315, 0
5130.003252, 10.002104, 13300, 13300, 0
5140.003488, 10.000236, 16932, 16881, 51
5150.001203, 9.997715, 16012, 16012, 0
5160.001207, 10.000004, 13769, 13769, 0
5170.001265, 10.000058, 15994, 15994, 0
5180.003247, 10.001982, 16494, 16494, 0
5190.004144, 10.000897, 17657, 17609, 48
5200.001283, 9.997139, 15742, 15742, 0
5210.001971, 10.000688, 14221, 14193, 28
5220.001202, 9.999231, 11347, 11347, 0
5230.003694, 10.002492, 15059, 15059, 0
5240.002877, 9.999183, 15482, 15474, 8
5250.001851, 9.998974, 13369, 13332, 37
5260.004486, 10.002635, 13390, 13390, 0
5270.001553, 9.997067, 15364, 15364, 0
5280.001207, 9.999654, 17364, 17364, 0
5290.001124, 9.999917, 16502, 16502, 0
5300.002694, 10.00157, 15198, 15198, 0
5310.001237, 9.998543, 16836, 16836, 0
5320.001308, 10.000071, 16764, 16712, 52
5330.001546, 10.000238, 13748, 13748, 0
5340.002962, 10.001416, 15206, 15160, 46
5350.001341, 9.998379, 15522, 15428, 94
5360.001169, 9.999828, 10564, 10564, 0
5370.002888, 10.001719, 12097, 12097, 0
5380.001864, 9.998976, 16922, 16870, 52
5390.002104, 10.00024, 13435, 13435, 0
5400.000442, 9.998338, 14334, 14334, 0
5410.002149, 10.001707, 15292, 15238, 54
5420.001474, 9.999325, 10736, 10736, 0
5430.003063, 10.001589, 16159, 16159, 0
5440.003138, 10.000075, 15562, 15562, 0
5450.002613, 9.999475, 14266, 14203, 63
5460.003069, 10.000456, 12530, 12530, 0
5470.001489, 9.99842, 15215, 15215, 0
5480.002492, 10.001003, 15151, 15151, 0
5490.001449, 9.998957, 15376, 15376, 0
5500.001222, 9.999773, 17555, 17555, 0
5510.002051, 10.000829, 17189, 17134, 55
5520.001126, 9.999075, 14542, 14542, 0
5530.00745, 10.006324, 13297, 13297, 0
5540.001063, 9.993613, 15185, 15185, 0
5550.001792, 10.000729, 15687, 15638, 49
5560.001384, 9.999592, 16098, 16098, 0
5570.002127, 10.000743, 14382, 14357, 25
5580.001179, 9.999052, 10982, 10982, 0
5590.001777, 10.000598, 13538, 13493, 45
5600.001519, 9.999742, 11553, 11553, 0
5610.004245, 10.002726, 15835, 15835, 0
5620.004126, 9.999881, 16087, 16087, 0
5630.001406, 9.99728, 15285, 15285, 0
5640.001231, 9.999825, 13118, 13118, 0
5650.002007, 10.000776, 16508, 16465, 43
5660.004882, 10.002875, 11772, 11772, 0
5670.001222, 9.99634, 13656, 13656, 0
5680.001176, 9.999954, 17071, 17019, 52
5690.002277, 10.001101, 13914, 13900, 14
5700.003172, 10.000895, 12767, 12767, 0
5710.007631, 10.004459, 17110, 17110, 0
5720.005422, 9.997791, 17527, 17527, 0
5730.000359, 9.994937, 15836, 15836, 0
5740.004203, 10.003844, 16650, 16588, 62
5750.001195, 9.996992, 13053, 12962, 91
5760.001387, 10.000192, 11265, 11265, 0
5770.002409, 10.001022, 16921, 16921, 0
5780.001187, 9.998778, 16292, 16292, 0
5790.002471, 10.001284, 15139, 15139, 0
5800.001196, 9.998725, 16377, 16377, 0
5810.003792, 10.002596, 15078, 15078, 0
5820.001168, 9.997376, 13942, 13872, 70
5830.001228, 10.00006, 10733, 10733, 0
5840.00139, 10.000162, 13102, 13102, 0
5850.00224, 10.00085, 14598, 14546, 52
5860.001246, 9.999006, 13688, 13688, 0
5870.003492, 10.002246, 13512, 13512, 0
5880.003479, 9.999987, 15386, 15386, 0
5890.001188, 9.997709, 15641, 15641, 0
5900.001619, 10.000431, 14041, 14041, 0
5910.001806, 10.000187, 17789, 17789, 0
5920.001188, 9.999382, 16611, 16510, 101
5930.001228, 10.00004, 15133, 15129, 4
5940.001187, 9.999959, 14760, 14760, 0
5950.001651, 10.000464, 15563, 15563, 0
5960.001142, 9.999491, 16921, 16869, 52
5970.001211, 10.000069, 12131, 12131, 0
5980.001378, 10.000167, 13313, 13313, 0
5990.001864, 10.000486, 13979, 13979, 0
6000.00184, 9.999976, 15288, 15288, 0
6010.001175, 9.999335, 15398, 15398, 0
6020.003573, 10.002398, 16892, 16892, 0
6030.002573, 9.999, 15393, 15393, 0
6040.001349, 9.998776, 15400, 15400, 0
6050.001873, 10.000524, 16270, 16270, 0
6060.002244, 10.000371, 15248, 15248, 0
6070.003375, 10.001131, 16882, 16831, 51
6080.00014, 9.996765, 12448, 12448, 0
6090.001199, 10.001059, 13329, 13329, 0
6100.001426, 10.000227, 15773, 15680, 93
6110.001149, 9.999723, 13690, 13690, 0
6120.00203, 10.000881, 9699, 9699, 0
6130.002121, 10.000091, 16760, 16689, 71
6140.001221, 9.9991, 14648, 14648, 0
6150.007211, 10.00599, 16109, 16109, 0
6160.001187, 9.993976, 15271, 15248, 23
6170.001159, 9.999972, 15647, 15647, 0
6180.001387, 10.000228, 16508, 16508, 0
6190.001944, 10.000557, 15611, 15565, 46
6200.00125, 9.999306, 15865, 15865, 0
6210.001273, 10.000023, 13430, 13430, 0
6220.001302, 10.000029, 14624, 14580, 44
6230.002912, 10.00161, 14917, 14916, 1
6240.003338, 10.000426, 14749, 14726, 23
6250.002303, 9.998965, 16450, 16423, 27
6260.001214, 9.998911, 11579, 11579, 0
6270.001787, 10.000573, 12618, 12618, 0
6280.001388, 9.999601, 14831, 14831, 0
6290.001671, 10.000283, 17137, 17096, 41
6300.001259, 9.999588, 11360, 11360, 0
6310.001135, 9.999876, 13529, 13482, 47
6320.001204, 10.000069, 12295, 12275, 20
6330.001194, 9.99999, 14348, 14346, 2
6340.002158, 10.000964, 14722, 14722, 0
6350.002048, 9.99989, 16501, 16501, 0
6360.004176, 10.002128, 16685, 16685, 0
6370.002054, 9.997878, 15607, 15607, 0
6380.000572, 9.998518, 16133, 16083, 50
6390.001518, 10.000946, 12648, 12648, 0
6400.005418, 10.0039, 10533, 10533, 0
6410.001214, 9.995796, 16264, 16264, 0
6420.001135, 9.999921, 15560, 15528, 32
6430.001696, 10.000561, 14845, 14845, 0
6440.00426, 10.002564, 15530, 15530, 0
6450.00147, 9.99721, 16427, 16427, 0
6460.001211, 9.999741, 15785, 15681, 104
6470.001382, 10.000171, 13363, 13362, 1
6480.001185, 9.999803, 13771, 13771, 0
6490.003192, 10.002007, 15842, 15842, 0
6500.002268, 9.999076, 17032, 17032, 0
6510.002519, 10.000251, 15595, 15461, 134
6520.001197, 9.998678, 12918, 12854, 64
6530.001631, 10.000434, 9912, 9912, 0
6540.002707, 10.001076, 14367, 14367, 0
6550.001851, 9.999144, 15625, 15580, 45
6560.002316, 10.000465, 16459, 16425, 34
6570.001154, 9.998838, 14775, 14775, 0
6580.00116, 10.000006, 13825, 13825, 0
6590.001914, 10.000754, 15667, 15646, 21
6600.00112, 9.999206, 15939, 15897, 42
6610.001885, 10.000765, 11060, 11060, 0
6620.001209, 9.999324, 15281, 15183, 98
6630.001418, 10.000209, 12893, 12893, 0
6640.002352, 10.000934, 14408, 14408, 0
6650.002551, 10.000199, 15912, 15888, 24
6660.001228, 9.998677, 16756, 16688, 68
6670.00125, 10.000022, 14769, 14769, 0
6680.001192, 9.999942, 15247, 15247, 0
6690.003161, 10.001969, 12363, 12309, 54
6700.001254, 9.998093, 15534, 15496, 38
6710.003011, 10.001757, 11661, 11661, 0
6720.005022, 10.002011, 15378, 15376, 2
6730.00122, 9.996198, 16044, 15995, 49
6740.001163, 9.999943, 13600, 13600, 0
6750.004268, 10.003105, 15706, 15706, 0
6760.001406, 9.997138, 14336, 14336, 0
6770.012878, 10.011472, 15574, 15529, 45
6780.003594, 9.990716, 15889, 15889, 0
6790.001212, 9.997618, 15400, 15346, 54
6800.001217, 10.000005, 13944, 13820, 124
6810.001174, 9.999957, 9097, 9097, 0
6820.002201, 10.001027, 16862, 16862, 0
6830.001881, 9.99968, 16665, 16620, 45
6840.001172, 9.999291, 16628, 16628, 0
6850.003552, 10.00238, 13859, 13859, 0
6860.004162, 10.00061, 13101, 13101, 0
6870.00027, 9.996108, 16201, 16201, 0
6880.001473, 10.001203, 16563, 16563, 0
6890.004521, 10.003048, 15564, 15564, 0
6900.001269, 9.996748, 17789, 17745, 44
6910.003228, 10.001959, 13357, 13357, 0
6920.001185, 9.997957, 13948, 13948, 0
6930.003389, 10.002204, 15114, 15114, 0
6940.009401, 10.006012, 15547, 15547, 0
6950.001864, 9.992463, 16756, 16756, 0
6960.001466, 9.999602, 16549, 16549, 0
6970.001241, 9.999775, 16074, 16074, 0
6980.001143, 9.999902, 17288, 17288, 0
6990.001367, 10.000224, 16537, 16517, 20
7000.002329, 10.000962, 13653, 13635, 18
7010.001151, 9.998822, 16123, 16123, 0
7020.003748, 10.002597, 14166, 14166, 0
7030.001968, 9.99822, 16523, 16498, 25
7040.009295, 10.007327, 14246, 14171, 75
7050.002241, 9.992946, 10713, 10713, 0
7060.009908, 10.007667, 13653, 13621, 32
7070.001496, 9.991588, 15955, 15953, 2
7080.001377, 9.999881, 9598, 9598, 0
7090.003636, 10.002259, 16990, 16990, 0
7100.001141, 9.997505, 15841, 15841, 0
7110.00119, 10.000049, 16084, 16084, 0
7120.001342, 10.000152, 16501, 16501, 0
7130.001148, 9.999806, 16183, 16183, 0
7140.001222, 10.000074, 16340, 16300, 40
7150.001389, 10.000167, 14367, 14334, 33
7160.001216, 9.999827, 12500, 12500, 0
7170.001395, 10.000179, 16106, 16106, 0
7180.001322, 9.999927, 15469, 15469, 0
7190.0026, 10.001278, 17023, 17023, 0
7200.00121, 9.99861, 15395, 15292, 103
7210.001178, 9.999968, 14103, 14103, 0
7220.001591, 10.000413, 15308, 15308, 0
7230.00502, 10.003429, 17305, 17305, 0
7240.002476, 9.997456, 17034, 16970, 64
7250.002541, 10.000065, 15397, 15358, 39
7260.001176, 9.998635, 11619, 11619, 0
7270.005556, 10.00438, 9912, 9912, 0
7280.002358, 9.996802, 16452, 16443, 9
7290.001377, 9.999019, 13875, 13840, 35
7300.001383, 10.000006, 14268, 14268, 0
7310.00204, 10.000657, 14539, 14481, 58
7320.001168, 9.999128, 15381, 15381, 0
7330.00332, 10.002152, 10184, 10168, 16
7340.00122, 9.9979, 16113, 15981, 132
7350.0012, 9.99998, 12762, 12762, 0
7360.001348, 10.000148, 12880, 12880, 0
7370.003652, 10.002304, 15472, 15472, 0
7380.001202, 9.99755, 15284, 15284, 0
7390.001193, 9.999991, 16045, 15997, 48
7400.004915, 10.003722, 11926, 11890, 36
7410.001172, 9.996257, 13418, 13405, 13
7420.00326, 10.002088, 12521, 12471, 50
7430.001235, 9.997975, 11508, 11469, 39
7440.004478, 10.003243, 14755, 14755, 0
7450.002617, 9.998139, 15158, 15158, 0
7460.001587, 9.99897, 14859, 14859, 0
7470.006779, 10.005192, 15746, 15746, 0
7480.000726, 9.993947, 16699, 16698, 1
7490.00217, 10.001444, 16304, 16304, 0
7500.001179, 9.999009, 17359, 17359, 0
7510.001195, 10.000016, 17072, 17014, 58
7520.001204, 10.000009, 16818, 16818, 0
7530.001335, 10.000131, 11865, 11865, 0
7540.001256, 9.999921, 16543, 16543, 0
7550.001941, 10.000685, 15731, 15731, 0
7560.00196, 10.000019, 16424, 16380, 44
7570.001132, 9.999172, 15396, 15360, 36
7580.001237, 10.000105, 10817, 10817, 0
7590.001163, 9.999926, 16999, 16999, 0
7600.002589, 10.001426, 16077, 16006, 71
7610.001792, 9.999203, 13667, 13646, 21
7620.003676, 10.001884, 14078, 14078, 0
7630.00116, 9.997484, 16783, 16783, 0
7640.00299, 10.00183, 16271, 16222, 49
7650.003845, 10.000855, 16189, 16189, 0
7660.001173, 9.997328, 17301, 17249, 52
7670.001461, 10.000288, 15594, 15593, 1
7680.003781, 10.00232, 14174, 14174, 0
7690.003819, 10.000038, 15494, 15494, 0
7700.001418, 9.997599, 16330, 16330, 0
7710.00124, 9.999822, 16257, 16224, 33
7720.001578, 10.000338, 13122, 13122, 0
7730.003519, 10.001941, 16928, 16928, 0
7740.001401, 9.997882, 14230, 14120, 110
7750.001436, 10.000035, 16314, 16314, 0
7760.001148, 9.999712, 17200, 17200, 0
7770.002035, 10.000887, 14010, 13959, 51
7780.001173, 9.999138, 13339, 13293, 46
7790.00127, 10.000097, 13454, 13391, 63
7800.001186, 9.999916, 14457, 14457, 0
7810.004372, 10.003186, 15270, 15265, 5
7820.00123, 9.996858, 13867, 13867, 0
7830.001355, 10.000125, 18731, 18731, 0
7840.003427, 10.002072, 17368, 17247, 121
7850.00168, 9.998253, 13407, 13407, 0
7860.003401, 10.001721, 12240, 12240, 0
7870.003269, 9.999868, 16780, 16780, 0
7880.001481, 9.998212, 17784, 17784, 0
7890.005455, 10.003974, 17218, 17218, 0
7900.001121, 9.995666, 15961, 15961, 0
7910.003412, 10.002291, 17488, 17452, 36
7920.00164, 9.998228, 14374, 14374, 0
7930.003791, 10.002151, 16389, 16389, 0
7940.001208, 9.997417, 15576, 15576, 0
7950.001248, 10.00004, 16948, 16882, 66
7960.00119, 9.999942, 15655, 15655, 0
7970.001276, 10.000086, 14618, 14618, 0
7980.002311, 10.001035, 17524, 17491, 33
7990.003948, 10.001637, 12069, 12069, 0
8000.00118, 9.997232, 15856, 15856, 0
8010.001702, 10.000522, 15606, 15569, 37
8020.001148, 9.999446, 14589, 14589, 0
8030.001511, 10.000363, 16498, 16498, 0
8040.002085, 10.000574, 16377, 16377, 0
8050.001138, 9.999053, 16186, 16186, 0
8060.001216, 10.000078, 17820, 17820, 0
8070.001189, 9.999973, 16694, 16694, 0
8080.001941, 10.000752, 17731, 17731, 0
8090.001165, 9.999224, 15309, 15309, 0
8100.001545, 10.00038, 16505, 16468, 37
8110.001851, 10.000306, 14472, 14472, 0
8120.002376, 10.000525, 15709, 15709, 0
8130.001225, 9.998849, 17163, 17163, 0
8140.001206, 9.999981, 16988, 16945, 43
8150.004071, 10.002865, 12984, 12984, 0
8160.001501, 9.99743, 15041, 15041, 0
8170.001157, 9.999656, 18308, 18308, 0
8180.001594, 10.000437, 16973, 16973, 0
8190.003746, 10.002152, 15681, 15643, 38
8200.001675, 9.997929, 12177, 12177, 0
8210.003231, 10.001556, 15368, 15336, 32
8220.001549, 9.998318, 16533, 16533, 0
8230.002435, 10.000886, 16525, 16525, 0
8240.001418, 9.998983, 15100, 15050, 50
8250.001221, 9.999803, 13288, 13263, 25
8260.001289, 10.000068, 12246, 12246, 0
8270.00117, 9.999881, 16393, 16393, 0
8280.003272, 10.002102, 17143, 17143, 0
8290.002935, 9.999663, 16262, 16233, 29
8300.001179, 9.998244, 15805, 15752, 53
8310.001472, 10.000293, 13875, 13875, 0
8320.001189, 9.999717, 15661, 15636, 25
8330.001183, 9.999994, 14302, 14302, 0
8340.002162, 10.000979, 16633, 16633, 0
8350.001174, 9.999012, 15922, 15922, 0
8360.001306, 10.000132, 16944, 16944, 0
8370.001164, 9.999858, 15083, 15053, 30
8380.005373, 10.004209, 13458, 13458, 0
8390.001556, 9.996183, 16112, 16112, 0
8400.003052, 10.001496, 14494, 14439, 55
8410.001213, 9.998161, 16100, 16100, 0
8420.002619, 10.001406, 15470, 15419, 51
8430.001202, 9.998583, 16033, 16033, 0
8440.00226, 10.001058, 13208, 13208, 0
8450.002203, 9.999943, 17027, 17027, 0
8460.00149, 9.999287, 16023, 15999, 24
8470.001192, 9.999702, 14612, 14612, 0
8480.003827, 10.002635, 16521, 16521, 0
8490.002499, 9.998672, 16035, 15983, 52
8500.001194, 9.998695, 12541, 12541, 0
8510.001752, 10.000558, 16414, 16368, 46
8520.001437, 9.999685, 15912, 15912, 0
8530.001568, 10.000131, 14470, 14453, 17
8540.00434, 10.002772, 14138, 14138, 0
8550.002024, 9.997684, 16709, 16709, 0
8560.002544, 10.00052, 17025, 16934, 91
8570.001164, 9.99862, 12291, 12291, 0
8580.004713, 10.003549, 13487, 13487, 0
8590.001212, 9.996499, 15932, 15932, 0
8600.001175, 9.999963, 15013, 14970, 43
8610.001609, 10.000434, 14931, 14931, 0
8620.001223, 9.999614, 13686, 13686, 0
8630.001868, 10.000645, 14971, 14971, 0
8640.006411, 10.004543, 15533, 15486, 47
8650.001209, 9.994798, 12262, 12262, 0
8660.001315, 10.000106, 12913, 12846, 67
8670.00118, 9.999865, 13519, 13519, 0
8680.001185, 10.000005, 13443, 13443, 0
8690.001159, 9.999974, 16238, 16178, 60
8700.001462, 10.000303, 13887, 13887, 0
8710.001174, 9.999712, 13737, 13737, 0
8720.001232, 10.000058, 14935, 14888, 47
8730.001645, 10.000413, 12495, 12495, 0
8740.001953, 10.000308, 13385, 13385, 0
8750.002125, 10.000172, 15659, 15659, 0
8760.001935, 9.99981, 16813, 16813, 0
8770.002967, 10.001032, 17269, 17269, 0
8780.001152, 9.998185, 16642, 16642, 0
8790.001155, 10.000003, 17494, 17494, 0
8800.001141, 9.999986, 14405, 14405, 0
8810.001187, 10.000046, 15828, 15828, 0
8820.001582, 10.000395, 16349, 16349, 0
8830.001938, 10.000356, 15470, 15470, 0
8840.001304, 9.999366, 15859, 15859, 0
8850.001284, 9.99998, 17156, 17121, 35
8860.002993, 10.001709, 14382, 14347, 35
8870.001135, 9.998142, 11973, 11939, 34
8880.001347, 10.000212, 12446, 12446, 0
8890.001514, 10.000167, 17090, 17024, 66
8900.002366, 10.000852, 10457, 10411, 46
8910.001657, 9.999291, 13611, 13611, 0
8920.002836, 10.001179, 16165, 16165, 0
8930.001133, 9.998297, 15130, 15130, 0
8940.002898, 10.001765, 16583, 16549, 34
8950.002422, 9.999524, 16706, 16706, 0
8960.001189, 9.998767, 13206, 13136, 70
8970.001439, 10.00025, 12539, 12536, 3
8980.001301, 9.999862, 12920, 12920, 0
8990.001754, 10.000453, 14108, 14108, 0
9000.001158, 9.999404, 17222, 17222, 0
9010.004106, 10.002948, 16271, 16271, 0
9020.001658, 9.997552, 14378, 14378, 0
9030.001167, 9.999509, 14686, 14686, 0
9040.004553, 10.003386, 16268, 16268, 0
9050.001256, 9.996703, 17021, 16960, 61
9060.001205, 9.999949, 15325, 15266, 59
9070.002675, 10.00147, 11891, 11872, 19
9080.001429, 9.998754, 12913, 12913, 0
9090.001183, 9.999754, 14935, 14935, 0
9100.001819, 10.000636, 15967, 15967, 0
9110.001846, 10.000027, 14085, 13973, 112
9120.001162, 9.999316, 12403, 12403, 0
9130.00125, 10.000088, 11299, 11299, 0
9140.002167, 10.000917, 17335, 17235, 100
9150.001396, 9.999229, 14271, 14271, 0
9160.002237, 10.000841, 10481, 10478, 3
9170.001189, 9.998952, 16963, 16963, 0
9180.00171, 10.000521, 15538, 15538, 0
9190.001365, 9.999655, 16695, 16695, 0
9200.004222, 10.002857, 17019, 16974, 45
9210.002287, 9.998065, 13772, 13718, 54
9220.003881, 10.001594, 9753, 9753, 0
9230.001174, 9.997293, 12650, 12619, 31
9240.001228, 10.000054, 13141, 13141, 0
9250.003286, 10.002058, 15971, 15971, 0
9260.001553, 9.998267, 16371, 16317, 54
9270.001856, 10.000303, 13626, 13562, 64
9280.001226, 9.99937, 10095, 10095, 0
9290.00118, 9.999954, 17304, 17303, 1
9300.001249, 10.000069, 18225, 18225, 0
9310.001274, 10.000025, 16451, 16451, 0
9320.00257, 10.001296, 16636, 16636, 0
9330.001244, 9.998674, 16086, 16050, 36
9340.002258, 10.001014, 16209, 16153, 56
9350.001177, 9.998919, 13395, 13395, 0
9360.002021, 10.000844, 12827, 12827, 0
9370.00243, 10.000409, 14807, 14807, 0
9380.002837, 10.000407, 16116, 16116, 0
9390.002861, 10.000024, 16190, 16190, 0
9400.002479, 9.999618, 16313, 16228, 85
9410.005312, 10.002833, 14857, 14857, 0
9420.00118, 9.995868, 14658, 14658, 0
9430.002613, 10.001433, 14597, 14597, 0
9440.001266, 9.998653, 15860, 15815, 45
9450.003237, 10.001971, 13921, 13875, 46
9460.001222, 9.997985, 15772, 15772, 0
9470.005321, 10.004099, 11674, 11674, 0
9480.002991, 9.99767, 15738, 15738, 0
9490.00122, 9.998229, 14056, 14056, 0
9500.003164, 10.001944, 16284, 16284, 0
9510.006508, 10.003344, 13060, 13060, 0
9520.001492, 9.994984, 14356, 14327, 29
9530.004759, 10.003267, 13546, 13525, 21
9540.00202, 9.997261, 15260, 15199, 61
9550.002008, 9.999988, 16069, 16069, 0
9560.001523, 9.999515, 12454, 12454, 0
9570.003107, 10.001584, 14775, 14764, 11
9580.001197, 9.99809, 16813, 16730, 83
9590.001285, 10.000088, 11013, 11013, 0
9600.001225, 9.99994, 13008, 13008, 0
9610.001204, 9.999979, 15780, 15756, 24
9620.0013, 10.000096, 11939, 11892, 47
9630.006095, 10.004795, 15794, 15794, 0
9640.001214, 9.995119, 12017, 11922, 95
9650.001131, 9.999917, 9089, 9089, 0
9660.004228, 10.003097, 9588, 9588, 0
9670.001553, 9.997325, 16345, 16345, 0
9680.001204, 9.999651, 15326, 15326, 0
9690.001856, 10.000652, 15055, 14998, 57
9700.001186, 9.99933, 17038, 17038, 0
9710.00243, 10.001244, 14925, 14925, 0
9720.002366, 9.999936, 14188, 14188, 0
9730.002087, 9.999721, 15824, 15824, 0
9740.001211, 9.999124, 14481, 14481, 0
9750.002179, 10.000968, 16783, 16742, 41
9760.001178, 9.998999, 16598, 16571, 27
9770.001167, 9.999989, 9950, 9950, 0
9780.002391, 10.001224, 17964, 17919, 45
9790.001285, 9.998894, 16627, 16627, 0
9800.001337, 10.000052, 11998, 11998, 0
9810.0012, 9.999863, 12360, 12360, 0
9820.002921, 10.001721, 15734, 15734, 0
9830.001773, 9.998852, 15285, 15285, 0
9840.001201, 9.999428, 15103, 15051, 52
9850.002975, 10.001774, 15007, 14974, 33
9860.001263, 9.998288, 12170, 12124, 46
9870.006024, 10.004761, 12182, 12182, 0
9880.001188, 9.995164, 14021, 13981, 40
9890.001179, 9.999991, 15099, 15099, 0
9900.00203, 10.000851, 12900, 12900, 0
9910.003073, 10.001043, 17159, 17159, 0
9920.001167, 9.998094, 13989, 13989, 0
9930.002084, 10.000917, 15240, 15240, 0
9940.000341, 9.998257, 15196, 15196, 0
9950.002992, 10.002651, 15511, 15511, 0
9960.00256, 9.999568, 16261, 16261, 0
9970.001146, 9.998586, 15476, 15476, 0
9980.008337, 10.007191, 16608, 16551, 57
9990.001136, 9.992799, 14687, 14634, 53
10000.001143, 10.000007, 11948, 11927, 21
10010.00217, 10.001027, 7827, 7827, 0
10020.001162, 9.998992, 15330, 15281, 49
10030.001214, 10.000052, 13185, 13185, 0
10040.00154, 10.000326, 14197, 14197, 0
10050.001962, 10.000422, 16808, 16808, 0
10060.001679, 9.999717, 15605, 15605, 0
10070.002009, 10.00033, 16767, 16767, 0
10080.001584, 9.999575, 17182, 17182, 0
10090.001635, 10.000051, 15956, 15917, 39
10100.001293, 9.999658, 11673, 11667, 6
10110.001178, 9.999885, 14520, 14488, 32
10120.001502, 10.000324, 12844, 12844, 0
10130.001306, 9.999804, 16474, 16427, 47
10140.001703, 10.000397, 13104, 13077, 27
10150.001601, 9.999898, 9540, 9540, 0
10160.001478, 9.999877, 16695, 16644, 51
10170.003643, 10.002165, 14748, 14748, 0
10180.001173, 9.99753, 15508, 15508, 0
10190.001372, 10.000199, 12612, 12588, 24
10200.004248, 10.002876, 14490, 14441, 49
10210.001987, 9.997739, 10479, 10479, 0
10220.001475, 9.999488, 17182, 17182, 0
10230.004656, 10.003181, 14523, 14491, 32
10240.001649, 9.996993, 12745, 12745, 0
10250.001352, 9.999703, 13386, 13386, 0
10260.001268, 9.999916, 14155, 14155, 0
10270.004593, 10.003325, 16922, 16922, 0
10280.00134, 9.996747, 14354, 14354, 0
10290.001641, 10.000301, 16933, 16933, 0
10300.003271, 10.00163, 17082, 17082, 0
10310.001247, 9.997976, 15367, 15367, 0
10320.002163, 10.000916, 15624, 15624, 0
10330.002671, 10.000508, 16027, 16027, 0
10340.002034, 9.999363, 14977, 14939, 38
10350.001163, 9.999129, 13673, 13560, 113
10360.001653, 10.00049, 9991, 9991, 0
10370.001805, 10.000152, 8745, 8745, 0
10380.002724, 10.000919, 14056, 14056, 0
10390.001239, 9.998515, 15338, 15338, 0
10400.003235, 10.001996, 16251, 16251, 0
10410.001443, 9.998208, 14635, 14635, 0
10420.001166, 9.999723, 13896, 13848, 48
10430.001774, 10.000608, 13729, 13729, 0
10440.001145, 9.999371, 13652, 13652, 0
10450.006086, 10.004941, 16141, 16092, 49
10460.001696, 9.99561, 13855, 13855, 0
10470.002244, 10.000548, 10407, 10407, 0
10480.002063, 9.999819, 15207, 15207, 0
10490.000509, 9.998446, 14046, 14046, 0
10500.002352, 10.001843, 13732, 13732, 0
10510.001167, 9.998815, 13876, 13876, 0
10520.001253, 10.000086, 15219, 15179, 40
10530.001211, 9.999958, 12829, 12829, 0
10540.001188, 9.999977, 12692, 12692, 0
10550.001145, 9.999957, 13824, 13824, 0
10560.002255, 10.00111, 12706, 12682, 24
10570.002444, 10.000189, 12658, 12658, 0
10580.003237, 10.000793, 14389, 14337, 52
10590.002084, 9.998847, 12512, 12490, 22
10600.001198, 9.999114, 14429, 14429, 0
10610.001175, 9.999977, 12717, 12717, 0
10620.002002, 10.000827, 15198, 15164, 34
10630.001199, 9.999197, 14274, 14263, 11
10640.001666, 10.000467, 13357, 13328, 29
10650.003091, 10.001425, 10748, 10748, 0
10660.001449, 9.998358, 15392, 15392, 0
10670.001175, 9.999726, 14477, 14477, 0
10680.001284, 10.000109, 14401, 14401, 0
10690.001136, 9.999852, 14530, 14491, 39
10700.001319, 10.000183, 12875, 12875, 0
10710.00229, 10.000971, 15280, 15238, 42
10720.001205, 9.998915, 11214, 11214, 0
10730.001946, 10.000741, 12698, 12698, 0
10740.003812, 10.001866, 15875, 15875, 0
10750.001245, 9.997433, 13995, 13929, 66
10760.001164, 9.999919, 12602, 12602, 0
10770.00209, 10.000926, 9595, 9595, 0
10780.001517, 9.999427, 15517, 15480, 37
10790.002391, 10.000874, 13588, 13588, 0
10800.000197, 9.997806, 14803, 14803, 0
10810.001155, 10.000958, 14550, 14550, 0
10820.002783, 10.001628, 14648, 14648, 0
10830.001335, 9.998552, 14659, 14659, 0
10840.001339, 10.000004, 14984, 14984, 0
10850.002412, 10.001073, 14588, 14588, 0
10860.002299, 9.999887, 15432, 15432, 0
10870.001151, 9.998852, 16024, 16024, 0
10880.003577, 10.002426, 15053, 15053, 0
10890.003612, 10.000035, 15431, 15431, 0
10900.001982, 9.99837, 16673, 16636, 37
10910.001219, 9.999237, 13963, 13963, 0
10920.001187, 9.999968, 15958, 15911, 47
10930.001352, 10.000165, 11766, 11726, 40
10940.001455, 10.000103, 12500, 12500, 0
10950.001202, 9.999747, 11377, 11377, 0
10960.001187, 9.999985, 13187, 13187, 0
10970.001751, 10.000564, 14157, 14157, 0
10980.001181, 9.99943, 16744, 16744, 0
10990.001397, 10.000216, 15559, 15559, 0
11000.001196, 9.999799, 13819, 13819, 0
11010.001286, 10.00009, 16101, 16101, 0
11020.001144, 9.999858, 14362, 14328, 34
11030.001125, 9.999981, 13088, 13088, 0
11040.005116, 10.003991, 13184, 13184, 0
11050.002554, 9.997438, 15305, 15305, 0
11060.001232, 9.998678, 15505, 15505, 0
11070.001326, 10.000094, 15240, 15240, 0
11080.002653, 10.001327, 14229, 14229, 0
11090.001808, 9.999155, 14204, 14150, 54
11100.001224, 9.999416, 13054, 13051, 3
11110.001226, 10.000002, 15120, 15090, 30
11120.001136, 9.99991, 12121, 12072, 49
11130.002185, 10.001049, 11338, 11338, 0
11140.001445, 9.99926, 12213, 12213, 0
11150.003217, 10.001772, 11734, 11734, 0
11160.001409, 9.998192, 14442, 14442, 0
11170.005344, 10.003935, 14506, 14506, 0
11180.001982, 9.996638, 15023, 15023, 0
11190.002118, 10.000136, 14802, 14802, 0
11200.000401, 9.998283, 15601, 15601, 0
11210.001415, 10.001014, 15467, 15467, 0
11220.001374, 9.999959, 12724, 12724, 0
11230.001277, 9.999903, 15319, 15212, 107
11240.001222, 9.999945, 9541, 9529, 12
11250.001175, 9.999953, 13557, 13557, 0
11260.001264, 10.000089, 11166, 11166, 0
11270.001207, 9.999943, 12435, 12435, 0
11280.001376, 10.000169, 14882, 14882, 0
11290.00258, 10.001204, 13282, 13282, 0
11300.001417, 9.998837, 13340, 13340, 0
11310.001165, 9.999748, 12957, 12957, 0
11320.001251, 10.000086, 14620, 14620, 0
11330.00144, 10.000189, 12177, 12129, 48
11340.001155, 9.999715, 12961, 12961, 0
11350.001485, 10.00033, 12516, 12516, 0
11360.001172, 9.999687, 12845, 12845, 0
11370.001297, 10.000125, 13928, 13916, 12
11380.001192, 9.999895, 13826, 13785, 41
11390.006347, 10.005155, 12404, 12404, 0
11400.001178, 9.994831, 14988, 14864, 124
11410.001353, 10.000175, 11460, 11460, 0
11420.001158, 9.999805, 10195, 10195, 0
11430.003026, 10.001868, 12942, 12941, 1
11440.001262, 9.998236, 14456, 14456, 0
11450.001219, 9.999957, 14472, 14428, 44
11460.001211, 9.999992, 11812, 11812, 0
11470.001673, 10.000462, 14261, 14261, 0
11480.001216, 9.999543, 9327, 9327, 0
11490.001766, 10.00055, 14333, 14333, 0
11500.003057, 10.001291, 13077, 13077, 0
11510.001208, 9.998151, 13434, 13394, 40
11520.002007, 10.000799, 12952, 12952, 0
11530.001641, 9.999634, 14713, 14673, 40
11540.006335, 10.004694, 13598, 13598, 0
11550.003076, 9.996741, 13887, 13887, 0
11560.001237, 9.998161, 13030, 13030, 0
11570.001209, 9.999972, 14748, 14748, 0
11580.001253, 10.000044, 13376, 13366, 10
11590.0018, 10.000547, 12895, 12888, 7
11600.001802, 10.000002, 14109, 14071, 38
11610.001159, 9.999357, 11379, 11356, 23
11620.001996, 10.000837, 15616, 15552, 64
11630.001167, 9.999171, 11199, 11199, 0
11640.001443, 10.000276, 14335, 14335, 0
11650.001849, 10.000406, 13208, 13159, 49
11660.001341, 9.999492, 14490, 14442, 48
11670.002235, 10.000894, 9173, 9117, 56
11680.001328, 9.999093, 15366, 15366, 0
11690.001177, 9.999849, 14062, 14062, 0
11700.002489, 10.001312, 13764, 13764, 0
11710.002956, 10.000467, 15314, 15314, 0
11720.001628, 9.998672, 15425, 15410, 15
11730.00187, 10.000242, 14671, 14637, 34
11740.001149, 9.999279, 13263, 13263, 0
11750.002146, 10.000997, 13811, 13811, 0
11760.001298, 9.999152, 17035, 16902, 133
11770.001187, 9.999889, 12472, 12472, 0
11780.001212, 10.000025, 10967, 10967, 0
11790.004406, 10.003194, 12934, 12883, 51
11800.004527, 10.000121, 11628, 11628, 0
11810.00122, 9.996693, 13129, 13094, 35
11820.001183, 9.999963, 11507, 11507, 0
11830.001208, 10.000025, 13571, 13571, 0
11840.001133, 9.999925, 14412, 14412, 0
11850.001535, 10.000402, 15561, 15561, 0
11860.001695, 10.00016, 14913, 14913, 0
11870.001432, 9.999737, 14864, 14864, 0
11880.002009, 10.000577, 16695, 16655, 40
11890.001237, 9.999228, 15949, 15949, 0
11900.002332, 10.001095, 16326, 16326, 0
11910.002267, 9.999935, 12677, 12677, 0
11920.00293, 10.000663, 17994, 17994, 0
11930.003123, 10.000193, 17638, 17638, 0
11940.001391, 9.998268, 14983, 14983, 0
11950.00132, 9.999929, 15519, 15519, 0
11960.002901, 10.001581, 15589, 15589, 0
11970.001718, 9.998817, 15418, 15374, 44
11980.003228, 10.00151, 13852, 13852, 0
11990.001407, 9.998179, 12761, 12761, 0
12000.001655, 10.000248, 14417, 14417, 0
12010.002205, 10.00055, 16627, 16627, 0
12020.002337, 10.000132, 14516, 14481, 35
12030.001825, 9.999488, 10992, 10992, 0
12040.001194, 9.999369, 13606, 13606, 0
12050.001417, 10.000223, 16953, 16953, 0
12060.001897, 10.00048, 16194, 16114, 80
12070.001165, 9.999268, 15387, 15387, 0
12080.001665, 10.0005, 13098, 13098, 0
12090.001232, 9.999567, 16318, 16318, 0
12100.003663, 10.002431, 15777, 15734, 43
12110.003363, 9.9997, 12524, 12524, 0
12120.00119, 9.997827, 13032, 13032, 0
12130.001235, 10.000045, 15570, 15515, 55
12140.001138, 9.999903, 12804, 12804, 0
12150.001384, 10.000246, 13890, 13890, 0
12160.005817, 10.004433, 15600, 15600, 0
12170.001192, 9.995375, 14997, 14972, 25
12180.002426, 10.001234, 13326, 13315, 11
12190.00128, 9.998854, 12391, 12391, 0
12200.001996, 10.000716, 13561, 13533, 28
12210.001686, 9.99969, 13772, 13772, 0
12220.006312, 10.004626, 14724, 14687, 37
12230.003792, 9.99748, 13422, 13414, 8
12240.004628, 10.000836, 10895, 10895, 0
12250.005092, 10.000464, 13292, 13292, 0
12260.001236, 9.996144, 15110, 15110, 0
12270.001514, 10.000278, 13910, 13838, 72
12280.002773, 10.001259, 13857, 13807, 50
12290.001233, 9.99846, 15423, 15423, 0
12300.002615, 10.001382, 11561, 11561, 0
12310.00169, 9.999075, 17290, 17290, 0
12320.001199, 9.999509, 15574, 15574, 0
12330.002967, 10.001768, 14610, 14610, 0
12340.002861, 9.999894, 15550, 15500, 50
12350.00135, 9.998489, 14387, 14326, 61
12360.002776, 10.001426, 11468, 11468, 0
12370.002473, 9.999697, 14933, 14886, 47
12380.0016, 9.999127, 15711, 15711, 0
12390.001602, 10.000002, 12101, 12101, 0
12400.001901, 10.000299, 14680, 14645, 35
12410.00116, 9.999259, 13645, 13645, 0
12420.001182, 10.000022, 13365, 13365, 0
12430.002263, 10.001081, 14307, 14307, 0
12440.001192, 9.998929, 16720, 16676, 44
12450.001181, 9.999989, 14685, 14654, 31
12460.001133, 9.999952, 14622, 14622, 0
12470.001566, 10.000433, 16436, 16436, 0
12480.001606, 10.00004, 15254, 15254, 0
12490.001201, 9.999595, 15285, 15285, 0
12500.001225, 10.000024, 14237, 14237, 0
12510.001205, 9.99998, 16527, 16488, 39
12520.001761, 10.000556, 11590, 11575, 15
12530.001785, 10.000024, 15501, 15501, 0
12540.001301, 9.999516, 15420, 15420, 0
12550.002057, 10.000756, 16487, 16487, 0
12560.001192, 9.999135, 17350, 17312, 38
12570.001176, 9.999984, 13945, 13945, 0
12580.001642, 10.000466, 15937, 15937, 0
12590.001183, 9.999541, 16853, 16853, 0
12600.002677, 10.001494, 16676, 16676, 0
12610.001408, 9.998731, 14605, 14559, 46
12620.001221, 9.999813, 15864, 15864, 0
12630.001185, 9.999964, 14065, 14021, 44
12640.001686, 10.000501, 13276, 13258, 18
12650.00271, 10.001024, 11829, 11779, 50
12660.000176, 9.997466, 11499, 11499, 0
12670.002245, 10.002069, 15910, 15910, 0
12680.001182, 9.998937, 13976, 13976, 0
12690.002172, 10.00099, 15011, 15011, 0
12700.001286, 9.999114, 14855, 14810, 45
12710.001214, 9.999928, 11472, 11472, 0
12720.001166, 9.999952, 13697, 13697, 0
12730.005092, 10.003926, 15105, 15105, 0
12740.002705, 9.997613, 15449, 15420, 29
12750.001179, 9.998474, 14181, 14129, 52
12760.001879, 10.0007, 14522, 14517, 5
12770.001385, 9.999506, 12992, 12986, 6
12780.001227, 9.999842, 13702, 13702, 0
12790.00728, 10.006053, 16340, 16294, 46
12800.001388, 9.994108, 12640, 12640, 0
12810.001197, 9.999809, 13588, 13588, 0
12820.001183, 9.999986, 16379, 16345, 34
12830.001268, 10.000085, 12808, 12808, 0
12840.00329, 10.002022, 17694, 17607, 87
12850.001188, 9.997898, 12556, 12556, 0
12860.001251, 10.000063, 16160, 16160, 0
12870.002507, 10.001256, 13934, 13934, 0
12880.001166, 9.998659, 16219, 16219, 0
12890.003614, 10.002448, 16414, 16378, 36
12900.001302, 9.997688, 12132, 12132, 0
12910.001749, 10.000447, 15012, 14964, 48
12920.001203, 9.999454, 12754, 12754, 0
12930.001637, 10.000434, 14826, 14826, 0
12940.002059, 10.000422, 15418, 15418, 0
12950.001769, 9.99971, 18740, 18740, 0
12960.002624, 10.000855, 13996, 13996, 0
12970.004427, 10.001803, 15468, 15468, 0
12980.00288, 9.998453, 16393, 16337, 56
12990.001995, 9.999115, 13612, 13612, 0
13000.001283, 9.999288, 13267, 13267, 0
13010.001217, 9.999934, 16949, 16949, 0
13020.001176, 9.999959, 16236, 16236, 0
13030.002993, 10.001817, 17277, 17277, 0
13040.001201, 9.998208, 15308, 15280, 28
13050.002754, 10.001553, 15148, 15093, 55
13060.002336, 9.999582, 11539, 11539, 0
13070.00119, 9.998854, 11393, 11393, 0
13080.00146, 10.00027, 15315, 15315, 0
13090.002513, 10.001053, 14901, 14901, 0
13100.001224, 9.998711, 14843, 14843, 0
13110.001229, 10.000005, 13795, 13795, 0
13120.001196, 9.999967, 14615, 14615, 0
13130.001229, 10.000033, 16429, 16429, 0
13140.002046, 10.000817, 15618, 15600, 18
13150.002891, 10.000845, 13621, 13576, 45
13160.001526, 9.998635, 12571, 12571, 0
13170.001314, 9.999788, 13948, 13905, 43
13180.002973, 10.001659, 10901, 10847, 54
13190.002376, 9.999403, 13881, 13856, 25
13200.001615, 9.999239, 11233, 11233, 0
13210.001532, 9.999917, 11482, 11482, 0
13220.003226, 10.001694, 14343, 14281, 62
13230.002046, 9.99882, 16767, 16767, 0
13240.001938, 9.999892, 15262, 15211, 51
13250.001222, 9.999284, 13114, 13114, 0
13260.001343, 10.000121, 13535, 13535, 0
13270.001205, 9.999862, 14545, 14545, 0
13280.002988, 10.001783, 14039, 14039, 0
13290.002153, 9.999165, 15193, 15193, 0
13300.00123, 9.999077, 14165, 14165, 0
13310.002009, 10.000779, 15138, 15138, 0
13320.001255, 9.999246, 15326, 15326, 0
13330.002845, 10.00159, 14936, 14936, 0
13340.003325, 10.00048, 15036, 15036, 0
13350.002494, 9.999169, 15606, 15606, 0
13360.001227, 9.998733, 13742, 13659, 83
13370.003065, 10.001838, 11913, 11913, 0
13380.00262, 9.999555, 12768, 12713, 55
13390.001181, 9.998561, 12426, 12426, 0
13400.001376, 10.000195, 14482, 14482, 0
13410.002004, 10.000628, 13799, 13767, 32
13420.001198, 9.999194, 16201, 16168, 33
13430.001236, 10.000038, 15109, 15109, 0
13440.003286, 10.00205, 12422, 12422, 0
13450.001887, 9.998601, 14348, 14307, 41
13460.002336, 10.000449, 15433, 15433, 0
13470.000302, 9.997966, 14859, 14859, 0
13480.001231, 10.000929, 15150, 15125, 25
13490.002266, 10.001035, 14333, 14333, 0
13500.001202, 9.998936, 13649, 13649, 0
13510.001214, 10.000012, 15696, 15696, 0
13520.002046, 10.000832, 15897, 15849, 48
13530.000149, 9.998103, 16518, 16517, 1
13540.001315, 10.001166, 15171, 15171, 0
13550.004664, 10.003349, 14521, 14521, 0
13560.001157, 9.996493, 14948, 14920, 28
13570.002071, 10.000914, 13745, 13745, 0
13580.001404, 9.999333, 16406, 16406, 0
13590.004305, 10.002901, 16103, 16070, 33
13600.00498, 10.000675, 12711, 12711, 0
13610.001217, 9.996237, 14696, 14696, 0
13620.001156, 9.999939, 13526, 13526, 0
13630.001722, 10.000566, 15044, 15044, 0
13640.004837, 10.003115, 14509, 14463, 46
13650.003323, 9.998486, 13022, 13022, 0
13660.003472, 10.000149, 14332, 14332, 0
13670.002176, 9.998704, 14731, 14731, 0
13680.00121, 9.999034, 15090, 15090, 0
13690.001239, 10.000029, 13923, 13923, 0
13700.001246, 10.000007, 15347, 15347, 0
13710.002947, 10.001701, 15586, 15586, 0
13720.003542, 10.000595, 16310, 16254, 56
13730.002065, 9.998523, 15889, 15844, 45
13740.001489, 9.999424, 14294, 14252, 42
13750.005088, 10.003599, 9659, 9659, 0
13760.003827, 9.998739, 12925, 12833, 92
13770.00112, 9.997293, 15081, 15081, 0
13780.003229, 10.002109, 8474, 8474, 0
13790.003099, 9.99987, 17611, 17611, 0
13800.001384, 9.998285, 16022, 16022, 0
13810.00127, 9.999886, 14990, 14990, 0
13820.001216, 9.999946, 16089, 16089, 0
13830.001179, 9.999963, 14511, 14459, 52
13840.002447, 10.001268, 14800, 14724, 76
13850.001256, 9.998809, 6629, 6629, 0
13860.002331, 10.001075, 17731, 17705, 26
13870.001175, 9.998844, 13668, 13658, 10
13880.001965, 10.00079, 14133, 14133, 0
13890.004703, 10.002738, 13446, 13428, 18
13900.002545, 9.997842, 13718, 13701, 17
13910.001202, 9.998657, 14756, 14756, 0
13920.001533, 10.000331, 14087, 14087, 0
13930.001317, 9.999784, 13972, 13972, 0
13940.001202, 9.999885, 14278, 14278, 0
13950.003613, 10.002411, 17508, 17466, 42
13960.00122, 9.997607, 14531, 14531, 0
13970.001896, 10.000676, 12122, 12122, 0
13980.001369, 9.999473, 14737, 14737, 0
13990.001661, 10.000292, 17404, 17404, 0
14000.004601, 10.00294, 15811, 15811, 0
14010.001455, 9.996854, 14149, 14149, 0
14020.001962, 10.000507, 15106, 15106, 0
14030.00283, 10.000868, 15693, 15693, 0
14040.001851, 9.999021, 14109, 14109, 0
14050.001531, 9.99968, 17028, 17028, 0
14060.001652, 10.000121, 15263, 15263, 0
14070.002565, 10.000913, 14222, 14222, 0
14080.001176, 9.998611, 14312, 14312, 0
14090.001512, 10.000336, 14944, 14944, 0
14100.001232, 9.99972, 15955, 15955, 0
14110.001251, 10.000019, 14500, 14463, 37
14120.002107, 10.000856, 14462, 14462, 0
14130.00152, 9.999413, 14309, 14309, 0
14140.002137, 10.000617, 15266, 15236, 30
14150.001229, 9.999092, 11957, 11957, 0
14160.002946, 10.001717, 14741, 14741, 0
14170.001379, 9.998433, 14215, 14215, 0
14180.002927, 10.001548, 14380, 14313, 67
14190.00321, 10.000283, 12865, 12865, 0
14200.002983, 9.999773, 14197, 14197, 0
14210.00119, 9.998207, 14777, 14721, 56
14220.001772, 10.000582, 13799, 13761, 38
14230.002032, 10.00026, 12759, 12733, 26
14240.005929, 10.003897, 13024, 13024, 0
14250.003022, 9.997093, 17061, 17061, 0
14260.001226, 9.998204, 15456, 15456, 0
14270.003117, 10.001891, 16926, 16876, 50
14280.00122, 9.998103, 15536, 15480, 56
14290.001576, 10.000356, 9731, 9731, 0
14300.003074, 10.001498, 12521, 12504, 17
14310.001254, 9.99818, 14366, 14366, 0
14320.002819, 10.001565, 15368, 15368, 0
14330.002736, 9.999917, 14257, 14257, 0
14340.003291, 10.000555, 17072, 17072, 0
14350.003044, 9.999753, 14571, 14571, 0
14360.002054, 9.99901, 15444, 15444, 0
14370.001763, 9.999709, 15756, 15755, 1
14380.002471, 10.000708, 14408, 14361, 47
14390.004392, 10.001921, 14495, 14438, 57
14400.00148, 9.997088, 14173, 14153, 20
14410.002076, 10.000596, 12731, 12731, 0
14420.000314, 9.998238, 14863, 14863, 0
14430.002579, 10.002265, 14872, 14872, 0
14440.001173, 9.998594, 14627, 14627, 0
14450.002516, 10.001343, 15173, 15042, 131
14460.00123, 9.998714, 11583, 11570, 13
14470.001157, 9.999927, 13492, 13492, 0
14480.004651, 10.003494, 13364, 13304, 60
14490.001362, 9.996711, 15942, 15942, 0
14500.001326, 9.999964, 13620, 13620, 0
14510.001899, 10.000573, 12292, 12292, 0
14520.001793, 9.999894, 16048, 16048, 0
14530.001801, 10.000008, 15643, 15643, 0
14540.001699, 9.999898, 15191, 15191, 0
14550.002413, 10.000714, 14730, 14730, 0
14560.001264, 9.998851, 15172, 15050, 122
14570.001217, 9.999953, 12458, 12458, 0
14580.001449, 10.000232, 11173, 11173, 0
14590.002337, 10.000888, 12712, 12712, 0
14600.004759, 10.002422, 13463, 13463, 0
14610.00128, 9.996521, 15447, 15447, 0
14620.001246, 9.999966, 16197, 16197, 0
14630.001207, 9.999961, 14713, 14668, 45
14640.001129, 9.999922, 11351, 11351, 0
14650.001341, 10.000212, 11964, 11964, 0
14660.001352, 10.000011, 16984, 16920, 64
14670.001133, 9.999781, 12041, 11960, 81
14680.001216, 10.000083, 7787, 7787, 0
14690.002038, 10.000822, 14870, 14830, 40
14700.00175, 9.999712, 11722, 11697, 25
14710.002749, 10.000999, 15059, 15059, 0
14720.00255, 9.999801, 13639, 13639, 0
14730.001393, 9.998843, 14961, 14961, 0
14740.001354, 9.999961, 15156, 15105, 51
14750.001518, 10.000164, 11092, 11092, 0
14760.001167, 9.999649, 15971, 15971, 0
14770.003293, 10.002126, 14816, 14787, 29
14780.001375, 9.998082, 12608, 12608, 0
14790.001582, 10.000207, 14680, 14632, 48
14800.001305, 9.999723, 11384, 11362, 22
14810.001884, 10.000579, 13023, 13023, 0
14820.00371, 10.001826, 12883, 12883, 0
14830.001186, 9.997476, 14079, 14079, 0
14840.001434, 10.000248, 16154, 16095, 59
14850.001141, 9.999707, 10141, 10141, 0
14860.002934, 10.001793, 15086, 15086, 0
14870.001817, 9.998883, 14866, 14806, 60
14880.001288, 9.999471, 13926, 13926, 0
14890.001165, 9.999877, 13498, 13498, 0
14900.001192, 10.000027, 15063, 15062, 1
14910.001225, 10.000033, 15616, 15569, 47
14920.00122, 9.999995, 12176, 12176, 0
14930.003141, 10.001921, 14241, 14241, 0
14940.005387, 10.002246, 16232, 16187, 45
14950.002105, 9.996718, 11448, 11448, 0
14960.002418, 10.000313, 11970, 11970, 0
14970.001242, 9.998824, 12783, 12783, 0
14980.00214, 10.000898, 15177, 15086, 91
14990.003606, 10.001466, 11748, 11748, 0
15000.002348, 9.998742, 12794, 12794, 0
15010.000179, 9.997831, 16506, 16456, 50
15020.001164, 10.000985, 11941, 11941, 0
15030.001237, 10.000073, 15544, 15544, 0
15040.001321, 10.000084, 16188, 16188, 0
15050.001185, 9.999864, 14871, 14803, 68
15060.001215, 10.00003, 14511, 14511, 0
15070.001187, 9.999972, 12287, 12287, 0
15080.001605, 10.000418, 11675, 11675, 0
15090.001163, 9.999558, 14726, 14726, 0
15100.001214, 10.000051, 14152, 14152, 0
15110.001229, 10.000015, 15835, 15835, 0
15120.001396, 10.000167, 15122, 15056, 66
15130.001192, 9.999796, 14226, 14226, 0
15140.001917, 10.000725, 11716, 11716, 0
15150.001645, 9.999728, 13774, 13761, 13
15160.001662, 10.000017, 16140, 16140, 0
15170.001239, 9.999577, 15566, 15534, 32
15180.001151, 9.999912, 13781, 13781, 0
15190.001338, 10.000187, 14753, 14725, 28
15200.001625, 10.000287, 14145, 14117, 28
15210.001611, 9.999986, 13475, 13475, 0
15220.001439, 9.999828, 17398, 17345, 53
15230.001602, 10.000163, 15535, 15535, 0
15240.001198, 9.999596, 15768, 15727, 41
15250.002413, 10.001215, 12309, 12309, 0
15260.003511, 10.001098, 14649, 14621, 28
15270.002373, 9.998862, 14998, 14995, 3
15280.001343, 9.99897, 14353, 14286, 67
15290.001291, 9.999948, 12292, 12238, 54
15300.001312, 10.000021, 11991, 11953, 38
15310.00113, 9.999818, 13117, 13117, 0
15320.00279, 10.00166, 13809, 13796, 13
15330.001197, 9.998407, 14966, 14925, 41
15340.002424, 10.001227, 12187, 12187, 0
15350.001964, 9.99954, 14277, 14277, 0
15360.001748, 9.999784, 13788, 13788, 0
15370.001189, 9.999441, 14672, 14672, 0
15380.00254, 10.001351, 14903, 14903, 0
15390.001481, 9.998941, 14214, 14214, 0
15400.001289, 9.999808, 14840, 14840, 0
15410.001799, 10.00051, 13264, 13264, 0
15420.001523, 9.999724, 15707, 15707, 0
15430.001183, 9.99966, 13975, 13975, 0
15440.001554, 10.000371, 13775, 13735, 40
15450.001138, 9.999584, 11982, 11959, 23
15460.001177, 10.000039, 13212, 13212, 0
15470.003058, 10.001881, 13090, 13090, 0
15480.001833, 9.998775, 13448, 13448, 0
15490.001288, 9.999455, 15236, 15236, 0
15500.001549, 10.000261, 14244, 14244, 0
15510.001158, 9.999609, 14059, 14059, 0
15520.00161, 10.000452, 15333, 15333, 0
15530.001141, 9.999531, 16191, 16191, 0
15540.0013, 10.000159, 13317, 13227, 90
15550.001285, 9.999985, 12796, 12748, 48
15560.001316, 10.000031, 12722, 12677, 45
15570.001222, 9.999906, 4419, 4419, 0
15580.001168, 9.999946, 14438, 14409, 29
15590.003012, 10.001844, 12894, 12894, 0
15600.003662, 10.00065, 13268, 13211, 57
15610.00132, 9.997658, 13744, 13698, 46
15620.001275, 9.999955, 11198, 11167, 31
15630.006218, 10.004943, 12105, 12105, 0
15640.001166, 9.994948, 10774, 10774, 0
15650.001463, 10.000297, 13108, 13108, 0
15660.004267, 10.002804, 13984, 13984, 0
15670.001218, 9.996951, 13780, 13780, 0
15680.001223, 10.000005, 13001, 13001, 0
15690.001555, 10.000332, 13420, 13420, 0
15700.002882, 10.001327, 13422, 13391, 31
15710.00155, 9.998668, 15494, 15494, 0
15720.001204, 9.999654, 14868, 14868, 0
15730.001161, 9.999957, 14994, 14994, 0
15740.0012, 10.000039, 16897, 16897, 0
15750.002274, 10.001074, 15133, 15133, 0
15760.001158, 9.998884, 14105, 14105, 0
15770.004176, 10.003018, 12000, 12000, 0
15780.001253, 9.997077, 13964, 13963, 1
15790.001206, 9.999953, 16765, 16724, 41
15800.001176, 9.99997, 14691, 14691, 0
15810.001222, 10.000046, 15844, 15806, 38
15820.001219, 9.999997, 12362, 12362, 0
15830.001322, 10.000103, 15213, 15213, 0
15840.001486, 10.000164, 16517, 16517, 0
15850.001331, 9.999845, 16272, 16272, 0
15860.003068, 10.001737, 16518, 16466, 52
15870.001175, 9.998107, 14199, 14199, 0
15880.001505, 10.00033, 12902, 12902, 0
15890.001615, 10.00011, 13087, 13034, 53
15900.001691, 10.000076, 11071, 11071, 0
15910.002969, 10.001278, 15249, 15249, 0
15920.001672, 9.998703, 14467, 14467, 0
15930.001757, 10.000085, 14044, 14044, 0
15940.003514, 10.001757, 14341, 14341, 0
15950.001139, 9.997625, 14358, 14358, 0
15960.002939, 10.0018, 16198, 16146, 52
15970.007116, 10.004177, 14616, 14580, 36
15980.001604, 9.994488, 12231, 12231, 0
15990.001714, 10.00011, 13256, 13256, 0
16000.001409, 9.999695, 13897, 13838, 59
16010.001259, 9.99985, 12107, 12107, 0
16020.001245, 9.999986, 13610, 13610, 0
16030.002839, 10.001594, 13866, 13817, 49
16040.002867, 10.000028, 14243, 14243, 0
16050.001127, 9.99826, 12483, 12483, 0
16060.001409, 10.000282, 11264, 11264, 0
16070.005099, 10.00369, 15756, 15704, 52
16080.001192, 9.996093, 14236, 14236, 0
16090.002046, 10.000854, 15607, 15607, 0
16100.002567, 10.000521, 15075, 15075, 0
16110.001133, 9.998566, 14324, 14324, 0
16120.001278, 10.000145, 17120, 17120, 0
16130.001556, 10.000278, 15153, 15115, 38
16140.001233, 9.999677, 12325, 12325, 0
16150.001177, 9.999944, 14047, 14047, 0
16160.001512, 10.000335, 15471, 15471, 0
16170.001291, 9.999779, 14756, 14756, 0
16180.003725, 10.002434, 15431, 15431, 0
16190.001218, 9.997493, 15335, 15335, 0
16200.001195, 9.999977, 16758, 16758, 0
16210.001419, 10.000224, 15483, 15427, 56
16220.001708, 10.000289, 16303, 16303, 0
16230.001278, 9.99957, 14824, 14824, 0
16240.001191, 9.999913, 14661, 14629, 32
16250.004452, 10.003261, 15362, 15325, 37
16260.001758, 9.997306, 15080, 15080, 0
16270.004816, 10.003058, 11009, 10971, 38
16280.00419, 9.999374, 16090, 16090, 0
16290.000237, 9.996047, 13808, 13808, 0
16300.002081, 10.001844, 15633, 15633, 0
16310.002136, 10.000055, 13120, 13071, 49
16320.005868, 10.003732, 13038, 13024, 14
16330.005092, 9.999224, 14052, 14014, 38
16340.001239, 9.996147, 12458, 12428, 30
16350.001818, 10.000579, 16788, 16734, 54
16360.003437, 10.001619, 8138, 8131, 7
16370.002689, 9.999252, 16537, 16537, 0
16380.003369, 10.00068, 14754, 14754, 0
16390.001133, 9.997764, 13808, 13808, 0
16400.001639, 10.000506, 13774, 13774, 0
16410.001209, 9.99957, 15099, 15099, 0
16420.001208, 9.999999, 15979, 15943, 36
16430.002339, 10.001131, 13115, 13115, 0
16440.002683, 10.000344, 12172, 12172, 0
16450.001753, 9.99907, 12247, 12247, 0
16460.001171, 9.999418, 14446, 14406, 40
16470.001298, 10.000127, 12643, 12643, 0
16480.001806, 10.000508, 12355, 12355, 0
16490.0037, 10.001894, 11980, 11980, 0
16500.001225, 9.997525, 14736, 14736, 0
16510.00117, 9.999945, 15515, 15515, 0
16520.001279, 10.000109, 15041, 14991, 50
16530.001156, 9.999877, 14231, 14185, 46
16540.001188, 10.000032, 14220, 14220, 0
16550.002135, 10.000947, 11984, 11984, 0
16560.001166, 9.999031, 12507, 12507, 0
16570.001762, 10.000596, 15397, 15397, 0
16580.005196, 10.003434, 14694, 14694, 0
16590.00118, 9.995984, 13916, 13916, 0
16600.001298, 10.000118, 14800, 14800, 0
16610.001219, 9.999921, 13129, 13129, 0
16620.003222, 10.002003, 14125, 14070, 55
16630.001383, 9.998161, 12032, 12032, 0
16640.004072, 10.002689, 13931, 13912, 19
16650.001941, 9.997869, 14147, 14109, 38
16660.002218, 10.000277, 12797, 12757, 40
16670.005583, 10.003365, 7263, 7251, 12
16680.001197, 9.995614, 14754, 14754, 0
16690.00312, 10.001923, 15500, 15482, 18
16700.001177, 9.998057, 14881, 14881, 0
16710.002749, 10.001572, 15883, 15883, 0
16720.001164, 9.998415, 13726, 13671, 55
16730.001374, 10.00021, 13581, 13547, 34
16740.001277, 9.999903, 10964, 10964, 0
16750.001183, 9.999906, 10404, 10393, 11
16760.005583, 10.0044, 13930, 13918, 12
16770.001855, 9.996272, 15310, 15267, 43
16780.002085, 10.00023, 13154, 13130, 24
16790.001252, 9.999167, 13960, 13905, 55
16800.001216, 9.999964, 12400, 12400, 0
16810.001233, 10.000017, 11498, 11498, 0
16820.001206, 9.999973, 12864, 12864, 0
16830.002068, 10.000862, 16083, 16083, 0
16840.000142, 9.998074, 14200, 14200, 0
16850.001868, 10.001726, 14722, 14703, 19
16860.001129, 9.999261, 11972, 11950, 22
16870.001143, 10.000014, 10223, 10223, 0
16880.001191, 10.000048, 14547, 14547, 0
16890.00124, 10.000049, 14353, 14353, 0
16900.001484, 10.000244, 15129, 15075, 54
16910.001234, 9.99975, 13758, 13758, 0
16920.002376, 10.001142, 13758, 13685, 73
16930.001233, 9.998857, 13785, 13785, 0
16940.004578, 10.003345, 9397, 9397, 0
16950.001189, 9.996611, 17332, 17332, 0
16960.001596, 10.000407, 16018, 16018, 0
16970.002098, 10.000502, 14646, 14646, 0
16980.001412, 9.999314, 14090, 13993, 97
16990.001212, 9.9998, 14513, 14513, 0
17000.001899, 10.000687, 16215, 16194, 21
17010.001186, 9.999287, 16464, 16464, 0
17020.001219, 10.000033, 14194, 14194, 0
17030.001936, 10.000717, 15513, 15471, 42
17040.001219, 9.999283, 13617, 13617, 0
17050.0023, 10.001081, 13586, 13560, 26
17060.001317, 9.999017, 13976, 13976, 0
17070.002106, 10.000789, 14743, 14743, 0
17080.0012, 9.999094, 14934, 14894, 40
17090.001479, 10.000279, 12113, 12110, 3
17100.001181, 9.999702, 12698, 12679, 19
17110.001138, 9.999957, 14367, 14367, 0
17120.002821, 10.001683, 15279, 15249, 30
17130.001146, 9.998325, 13729, 13695, 34
17140.001199, 10.000053, 13575, 13575, 0
17150.001429, 10.00023, 11886, 11886, 0
17160.004171, 10.002742, 12824, 12824, 0
17170.001195, 9.997024, 15060, 15060, 0
17180.00159, 10.000395, 13956, 13956, 0
17190.002292, 10.000702, 15017, 14991, 26
17200.001143, 9.998851, 14544, 14544, 0
17210.001745, 10.000602, 14758, 14758, 0
17220.001568, 9.999823, 15525, 15525, 0
17230.004952, 10.003384, 14610, 14575, 35
17240.001232, 9.99628, 13625, 13570, 55
17250.001198, 9.999966, 10724, 10724, 0
17260.004097, 10.002899, 13847, 13847, 0
17270.001184, 9.997087, 15972, 15972, 0
17280.001549, 10.000365, 16469, 16469, 0
17290.001969, 10.00042, 15295, 15295, 0
17300.00161, 9.999641, 15718, 15657, 61
17310.001192, 9.999582, 11296, 11296, 0
17320.002306, 10.001114, 14026, 13970, 56
17330.001685, 9.999379, 14978, 14978, 0
17340.004721, 10.003036, 11532, 11532, 0
17350.001297, 9.996576, 14176, 14176, 0
17360.001216, 9.999919, 15469, 15469, 0
17370.002184, 10.000968, 17026, 16988, 38
17380.001162, 9.998978, 15158, 15114, 44
17390.002979, 10.001817, 10173, 10172, 1
17400.002766, 9.999787, 16899, 16888, 11
17410.001184, 9.998418, 16648, 16625, 23
17420.001545, 10.000361, 13318, 13318, 0
17430.005258, 10.003713, 14746, 14707, 39
17440.001232, 9.995974, 13542, 13492, 50
17450.001465, 10.000233, 11304, 11304, 0
17460.001132, 9.999667, 12890, 12890, 0
17470.001186, 10.000054, 15131, 15060, 71
17480.001178, 9.999992, 13727, 13702, 25
17490.001145, 9.999967, 12321, 12295, 26
17500.00119, 10.000045, 13353, 13353, 0
17510.004479, 10.003289, 11460, 11460, 0
17520.003803, 9.999324, 15004, 14995, 9
17530.003114, 9.999311, 16951, 16914, 37
17540.001558, 9.998444, 16615, 16568, 47
17550.001208, 9.99965, 15548, 15548, 0
17560.003198, 10.00199, 15098, 15098, 0
17570.001434, 9.998236, 12123, 12122, 1
17580.001201, 9.999767, 17302, 17229, 73
17590.001267, 10.000066, 14301, 14271, 30
17600.001217, 9.99995, 10879, 10879, 0
17610.00267, 10.001453, 15281, 15281, 0
17620.002285, 9.999615, 15201, 15201, 0
17630.0084, 10.006115, 14977, 14977, 0
17640.001581, 9.993181, 14684, 14638, 46
17650.001197, 9.999616, 13657, 13653, 4
17660.003346, 10.002149, 15591, 15591, 0
17670.002648, 9.999302, 15019, 15019, 0
17680.001451, 9.998803, 13038, 13028, 10
17690.005178, 10.003727, 14249, 14249, 0
17700.003363, 9.998185, 14079, 14079, 0
17710.001231, 9.997868, 14405, 14405, 0
17720.002361, 10.00113, 14774, 14729, 45
17730.001186, 9.998825, 15233, 15233, 0
17740.004605, 10.003419, 15684, 15684, 0
17750.00299, 9.998385, 11741, 11741, 0
17760.001548, 9.998558, 15116, 15116, 0
17770.002159, 10.000611, 15727, 15726, 1
17780.002066, 9.999907, 16126, 16036, 90
17790.001228, 9.999162, 12752, 12702, 50
17800.001209, 9.999981, 10888, 10851, 37
17810.001146, 9.999937, 14121, 14121, 0
17820.00288, 10.001734, 12315, 12315, 0
17830.003292, 10.000412, 15485, 15485, 0
17840.001402, 9.99811, 14667, 14667, 0
17850.001522, 10.00012, 13663, 13663, 0
17860.002249, 10.000727, 14958, 14958, 0
17870.00117, 9.998921, 14190, 14190, 0
17880.003389, 10.002219, 16184, 16184, 0
17890.001234, 9.997845, 15829, 15829, 0
17900.004222, 10.002988, 15215, 15136, 79
17910.002395, 9.998173, 11804, 11804, 0
17920.00027, 9.997875, 14376, 14376, 0
17930.002189, 10.001919, 16508, 16508, 0
17940.001575, 9.999386, 15286, 15286, 0
17950.001998, 10.000423, 15388, 15388, 0
17960.001151, 9.999153, 15209, 15209, 0
17970.001244, 10.000093, 14532, 14532, 0
17980.001178, 9.999934, 14830, 14830, 0
17990.005235, 10.004057, 13531, 13531, 0
18000.002944, 9.997709, 14725, 14640, 85
18010.001738, 9.998794, 14761, 14761, 0
18020.001673, 9.999935, 11986, 11986, 0
18030.002021, 10.000348, 13737, 13737, 0
18040.001186, 9.999165, 16567, 16567, 0
18050.004951, 10.003765, 15408, 15408, 0
18060.00119, 9.996239, 14805, 14805, 0
18070.001159, 9.999969, 16436, 16341, 95
18080.002738, 10.001579, 14740, 14740, 0
18090.0012, 9.998462, 11943, 11943, 0
18100.001208, 10.000008, 14763, 14763, 0
18110.001421, 10.000213, 15298, 15251, 47
18120.001178, 9.999757, 10887, 10887, 0
18130.001478, 10.0003, 15073, 15073, 0
18140.00306, 10.001582, 15198, 15139, 59
18150.001134, 9.998074, 14785, 14776, 9
18160.001183, 10.000049, 11860, 11860, 0
18170.001493, 10.00031, 12233, 12233, 0
18180.001239, 9.999746, 14976, 14943, 33
18190.003234, 10.001995, 14983, 14916, 67
18200.001216, 9.997982, 12805, 12805, 0
18210.001168, 9.999952, 12104, 12104, 0
18220.001922, 10.000754, 13093, 13093, 0
18230.001164, 9.999242, 14089, 14089, 0
18240.001171, 10.000007, 12186, 12186, 0
18250.003735, 10.002564, 14479, 14479, 0
18260.001179, 9.997444, 15952, 15952, 0
18270.001951, 10.000772, 17015, 16976, 39
18280.003751, 10.0018, 14683, 14652, 31
18290.002644, 9.998893, 16956, 16956, 0
18300.001448, 9.998804, 16736, 16704, 32
18310.002989, 10.001541, 12946, 12946, 0
18320.001594, 9.998605, 15984, 15984, 0
18330.00117, 9.999576, 15570, 15570, 0
18340.00124, 10.00007, 17237, 17237, 0
18350.001253, 10.000013, 16580, 16540, 40
18360.003284, 10.002031, 15801, 15801, 0
18370.001304, 9.99802, 15413, 15413, 0
18380.001854, 10.00055, 16051, 16001, 50
18390.003803, 10.001949, 12517, 12517, 0
18400.001753, 9.99795, 12664, 12664, 0
18410.002035, 10.000282, 15650, 15650, 0
18420.002691, 10.000656, 16476, 16429, 47
18430.003114, 10.000423, 15697, 15697, 0
18440.001905, 9.998791, 13059, 13019, 40
18450.00152, 9.999615, 15060, 15060, 0
18460.001238, 9.999718, 13916, 13916, 0
18470.001132, 9.999894, 14781, 14781, 0
18480.002526, 10.001394, 15933, 15933, 0
18490.00134, 9.998814, 16073, 15985, 88
18500.001198, 9.999858, 11327, 11289, 38
18510.001139, 9.999941, 8431, 8431, 0
18520.001215, 10.000076, 12057, 12015, 42
18530.001932, 10.000717, 11557, 11557, 0
18540.001583, 9.999651, 14470, 14470, 0
18550.001144, 9.999561, 15241, 15241, 0
18560.002825, 10.001681, 15447, 15414, 33
18570.001609, 9.998784, 12929, 12920, 9
18580.005553, 10.003944, 13274, 13245, 29
18590.002607, 9.997054, 13859, 13859, 0
18600.001996, 9.999389, 14536, 14536, 0
18610.001364, 9.999368, 15361, 15315, 46
18620.001232, 9.999868, 13740, 13740, 0
18630.004375, 10.003143, 12620, 12620, 0
18640.001152, 9.996777, 13297, 13297, 0
18650.001152, 10.0, 13394, 13394, 0
18660.001204, 10.000052, 14378, 14378, 0
18670.003799, 10.002595, 15363, 15363, 0
18680.00335, 9.999551, 13610, 13610, 0
18690.004067, 10.000717, 15054, 15054, 0
18700.001172, 9.997105, 13996, 13996, 0
18710.001427, 10.000255, 14599, 14599, 0
18720.001182, 9.999755, 13908, 13864, 44
18730.002669, 10.001487, 14213, 14179, 34
18740.002402, 9.999733, 13807, 13807, 0
18750.001161, 9.998759, 14861, 14814, 47
18760.001224, 10.000063, 13907, 13907, 0
18770.001177, 9.999953, 15023, 15023, 0
18780.00119, 10.000013, 12793, 12793, 0
18790.002485, 10.001295, 14957, 14944, 13
18800.001234, 9.998749, 15253, 15218, 35
18810.002347, 10.001113, 12939, 12890, 49
18820.001308, 9.998961, 12045, 12045, 0
18830.004741, 10.003433, 14898, 14890, 8
18840.012333, 10.007592, 16076, 16076, 0
18850.001168, 9.988835, 15079, 15079, 0
18860.001208, 10.00004, 14635, 14589, 46
18870.001188, 9.99998, 12568, 12568, 0
18880.003588, 10.0024, 14206, 14206, 0
18890.001362, 9.997774, 16654, 16654, 0
18900.001998, 10.000636, 14669, 14669, 0
18910.006106, 10.004108, 14299, 14258, 41
18920.003476, 9.99737, 13848, 13848, 0
18930.001215, 9.997739, 14720, 14605, 115
18940.00119, 9.999975, 11832, 11832, 0
18950.001576, 10.000386, 14048, 14048, 0
18960.002296, 10.00072, 17062, 17062, 0
18970.001239, 9.998943, 13457, 13457, 0
18980.002594, 10.001355, 16089, 16089, 0
18990.005143, 10.002549, 16078, 16024, 54
19000.001772, 9.996629, 12009, 12009, 0
19010.001131, 9.999359, 13686, 13647, 39
19020.001214, 10.000083, 13291, 13241, 50
19030.004055, 10.002841, 13802, 13802, 0
19040.001192, 9.997137, 16155, 16155, 0
19050.001178, 9.999986, 13316, 13316, 0
19060.003564, 10.002386, 13763, 13763, 0
19070.00196, 9.998396, 14262, 14220, 42
19080.001244, 9.999284, 13500, 13500, 0
19090.001128, 9.999884, 12721, 12721, 0
19100.003331, 10.002203, 15277, 15246, 31
19110.00638, 10.003049, 12839, 12839, 0
19120.001204, 9.994824, 13631, 13631, 0
19130.001865, 10.000661, 14745, 14745, 0
19140.001419, 9.999554, 12939, 12939, 0
19150.00113, 9.999711, 14225, 14225, 0
19160.001203, 10.000073, 13694, 13693, 1
19170.001193, 9.99999, 13209, 13180, 29
19180.002867, 10.001674, 14288, 14288, 0
19190.001129, 9.998262, 15492, 15492, 0
19200.001267, 10.000138, 14471, 14465, 6
19210.001491, 10.000224, 15713, 15698, 15
19220.001887, 10.000396, 14864, 14850, 14
19230.002568, 10.000681, 15234, 15208, 26
19240.001172, 9.998604, 14648, 14621, 27
19250.001589, 10.000417, 12834, 12834, 0
19260.001343, 9.999754, 12366, 12366, 0
19270.003103, 10.00176, 15827, 15827, 0
19280.0012, 9.998097, 16502, 16502, 0
19290.001486, 10.000286, 16831, 16831, 0
19300.00119, 9.999704, 17530, 17530, 0
19310.001395, 10.000205, 15764, 15657, 107
19320.003118, 10.001723, 10840, 10840, 0
19330.001863, 9.998745, 15243, 15243, 0
19340.00132, 9.999457, 13567, 13567, 0
19350.001201, 9.999881, 14864, 14864, 0
19360.001173, 9.999972, 15485, 15485, 0
19370.011272, 10.010099, 16082, 16082, 0
19380.00116, 9.989888, 14596, 14522, 74
19390.001165, 10.000005, 11533, 11533, 0
19400.001288, 10.000123, 10855, 10855, 0
19410.00496, 10.003672, 13873, 13814, 59
19420.001286, 9.996326, 16217, 16217, 0
19430.001192, 9.999906, 12871, 12871, 0
19440.002766, 10.001574, 14215, 14215, 0
19450.00186, 9.999094, 14422, 14403, 19
19460.002396, 10.000536, 14652, 14605, 47
19470.003594, 10.001198, 12955, 12955, 0
19480.001302, 9.997708, 14089, 14063, 26
19490.001245, 9.999943, 13083, 13083, 0
19500.001379, 10.000134, 13638, 13638, 0
19510.004591, 10.003212, 14873, 14873, 0
19520.001325, 9.996734, 14743, 14743, 0
19530.001139, 9.999814, 16180, 16152, 28
19540.001785, 10.000646, 13190, 13190, 0
19550.001387, 9.999602, 13462, 13361, 101
19560.006446, 10.005059, 12732, 12732, 0
19570.001155, 9.994709, 12498, 12498, 0
19580.001843, 10.000688, 16747, 16718, 29
19590.00161, 9.999767, 15068, 15068, 0
19600.001135, 9.999525, 15323, 15299, 24
19610.001222, 10.000087, 13279, 13236, 43
19620.003532, 10.00231, 15437, 15437, 0
19630.001962, 9.99843, 12063, 12045, 18
19640.004694, 10.002732, 13414, 13414, 0
19650.005349, 10.000655, 14848, 14848, 0
19660.001322, 9.995973, 15743, 15743, 0
19670.001449, 10.000127, 16965, 16965, 0
19680.00182, 10.000371, 14587, 14552, 35
19690.001518, 9.999698, 12460, 12460, 0
19700.003194, 10.001676, 14646, 14646, 0
19710.00118, 9.997986, 12494, 12494, 0
19720.002678, 10.001498, 17363, 17363, 0
19730.002575, 9.999897, 13645, 13645, 0
19740.002347, 9.999772, 14776, 14776, 0
19750.001203, 9.998856, 15354, 15304, 50
19760.001438, 10.000235, 14207, 14207, 0
19770.001186, 9.999748, 12311, 12311, 0
19780.00212, 10.000934, 12951, 12951, 0
19790.001129, 9.999009, 13873, 13830, 43
19800.001176, 10.000047, 9281, 9281, 0
19810.003664, 10.002488, 13211, 13211, 0
19820.002102, 9.998438, 14091, 13992, 99
19830.001838, 9.999736, 10139, 10139, 0
19840.001446, 9.999608, 15563, 15517, 46
19850.00357, 10.002124, 8895, 8895, 0
19860.001617, 9.998047, 15371, 15371, 0
19870.00232, 10.000703, 15583, 15546, 37
19880.00115, 9.99883, 12632, 12632, 0
19890.00122, 10.00007, 13911, 13864, 47
19900.001237, 10.000017, 13203, 13197, 6
19910.001157, 9.99992, 11441, 11412, 29
19920.001384, 10.000227, 14941, 14941, 0
19930.004115, 10.002731, 15105, 15066, 39
19940.001183, 9.997068, 14383, 14383, 0
19950.00496, 10.003777, 15646, 15646, 0
19960.001126, 9.996166, 10401, 10376, 25
19970.002521, 10.001395, 14852, 14806, 46
19980.002741, 10.00022, 13519, 13519, 0
19990.001229, 9.998488, 12038, 12038, 0
20000.008348, 10.007119, 15452, 15401, 51
20010.001143, 9.992795, 13434, 13434, 0
20020.001474, 10.000331, 13547, 13547, 0
20030.001375, 9.999901, 15862, 15862, 0
20040.001183, 9.999808, 15751, 15751, 0
20050.001418, 10.000235, 14836, 14836, 0
20060.001964, 10.000546, 13705, 13705, 0
20070.001939, 9.999975, 13334, 13334, 0
20080.004428, 10.002489, 15426, 15426, 0
20090.000658, 9.99623, 15177, 15177, 0
20100.001322, 10.000664, 14695, 14655, 40
20110.001268, 9.999946, 15754, 15754, 0
20120.001343, 10.000075, 11704, 11667, 37
20130.004482, 10.003139, 12032, 12032, 0
20140.001183, 9.996701, 15758, 15758, 0
20150.001227, 10.000044, 14332, 14332, 0
20160.001131, 9.999904, 14902, 14902, 0
20170.0024, 10.001269, 15814, 15756, 58
20180.002298, 9.999898, 10888, 10872, 16
20190.001529, 9.999231, 10014, 9992, 22
20200.001257, 9.999728, 15214, 15214, 0
20210.001219, 9.999962, 15444, 15417, 27
20220.001234, 10.000015, 13908, 13908, 0
20230.001544, 10.00031, 13575, 13560, 15
20240.001162, 9.999618, 15259, 15259, 0
20250.001504, 10.000342, 16317, 16284, 33
20260.004115, 10.002611, 16367, 16367, 0
20270.000593, 9.996478, 14749, 14749, 0
20280.0014, 10.000807, 16079, 16030, 49
20290.001159, 9.999759, 16414, 16414, 0
20300.003692, 10.002533, 10924, 10924, 0
20310.001128, 9.997436, 16813, 16779, 34
20320.001196, 10.000068, 16073, 16073, 0
20330.001194, 9.999998, 12404, 12404, 0
20340.001489, 10.000295, 15145, 15090, 55
20350.001759, 10.00027, 16380, 16380, 0
20360.001199, 9.99944, 13723, 13723, 0
20370.001298, 10.000099, 12085, 12013, 72
20380.001179, 9.999881, 14531, 14498, 33
20390.001368, 10.000189, 13529, 13518, 11
20400.005526, 10.004158, 14222, 14222, 0
20410.001981, 9.996455, 15122, 15078, 44
20420.001355, 9.999374, 15347, 15347, 0
20430.001172, 9.999817, 13697, 13697, 0
20440.001723, 10.000551, 11773, 11773, 0
20450.005028, 10.003305, 17021, 16937, 84
20460.001287, 9.996259, 14187, 14187, 0
20470.001832, 10.000545, 13554, 13554, 0
20480.001195, 9.999363, 15448, 15400, 48
20490.007097, 10.005902, 16727, 16681, 46
20500.001189, 9.994092, 14376, 14376, 0
20510.002365, 10.001176, 13450, 13450, 0
20520.001146, 9.998781, 10908, 10908, 0
20530.00156, 10.000414, 15483, 15483, 0
20540.003505, 10.001945, 14304, 14304, 0
20550.001164, 9.997659, 14522, 14522, 0
20560.002613, 10.001449, 15628, 15596, 32
20570.001174, 9.998561, 15047, 15047, 0
20580.003124, 10.00195, 15932, 15932, 0
20590.002636, 9.999512, 14368, 14368, 0
20600.003548, 10.000912, 15396, 15360, 36
20610.00337, 9.999822, 13859, 13859, 0
20620.001248, 9.997878, 12784, 12784, 0
20630.00118, 9.999932, 15146, 15146, 0
20640.001144, 9.999964, 15054, 15009, 45
20650.00197, 10.000826, 15175, 15175, 0
20660.001731, 9.999761, 11321, 11280, 41
20670.002046, 10.000315, 15525, 15525, 0
20680.002553, 10.000507, 14847, 14847, 0
20690.001693, 9.99914, 15259, 15259, 0
20700.005001, 10.003308, 14839, 14839, 0
20710.001145, 9.996144, 16739, 16739, 0
20720.001658, 10.000513, 18069, 18069, 0
20730.001882, 10.000224, 16010, 15941, 69
20740.001272, 9.99939, 11899, 11899, 0
20750.002438, 10.001166, 13244, 13244, 0
20760.002759, 10.000321, 14097, 14097, 0
20770.001975, 9.999216, 14420, 14420, 0
20780.001176, 9.999201, 16080, 16080, 0
20790.0029, 10.001724, 14498, 14498, 0
20800.001199, 9.998299, 11954, 11954, 0
20810.001236, 10.000037, 17588, 17540, 48
20820.001244, 10.000008, 16904, 16904, 0
20830.003159, 10.001915, 15247, 15247, 0
20840.005336, 10.002177, 12632, 12632, 0
20850.002033, 9.996697, 17770, 17770, 0
20860.001195, 9.999162, 16117, 16117, 0
20870.002078, 10.000883, 14593, 14561, 32
20880.001779, 9.999701, 9723, 9723, 0
20890.002652, 10.000873, 13178, 13178, 0
20900.003047, 10.000395, 13968, 13968, 0
20910.00367, 10.000623, 14616, 14575, 41
20920.001744, 9.998074, 16613, 16570, 43
20930.001179, 9.999435, 14622, 14622, 0
20940.00145, 10.000271, 12642, 12642, 0
20950.00494, 10.00349, 15703, 15703, 0
20960.001132, 9.996192, 13158, 13158, 0
20970.001737, 10.000605, 16900, 16899, 1
20980.001271, 9.999534, 16133, 16133, 0
20990.001227, 9.999956, 14164, 14164, 0
21000.001296, 10.000069, 15783, 15783, 0
21010.00142, 10.000124, 14175, 14175, 0
21020.001212, 9.999792, 16380, 16380, 0
21030.001687, 10.000475, 14364, 14335, 29
21040.001461, 9.999774, 16242, 16202, 40
21050.001291, 9.99983, 12253, 12244, 9
21060.003186, 10.001895, 11977, 11977, 0
21070.001251, 9.998065, 15854, 15854, 0
21080.001475, 10.000224, 14487, 14466, 21
21090.003421, 10.001946, 15943, 15917, 26
21100.001324, 9.997903, 15384, 15384, 0
21110.001201, 9.999877, 15013, 15013, 0
21120.002214, 10.001013, 15668, 15668, 0
21130.001217, 9.999003, 14363, 14329, 34
21140.00146, 10.000243, 16105, 16104, 1
21150.00304, 10.00158, 15042, 15042, 0
21160.00378, 10.00074, 16366, 16366, 0
21170.003256, 9.999476, 14560, 14560, 0
21180.001635, 9.998379, 16552, 16552, 0
21190.001472, 9.999837, 15298, 15298, 0
21200.001211, 9.999739, 14361, 14277, 84
21210.001185, 9.999974, 12952, 12952, 0
21220.004557, 10.003372, 12907, 12907, 0
21230.002357, 9.9978, 17155, 17121, 34
21240.001188, 9.998831, 12444, 12444, 0
21250.002112, 10.000924, 12786, 12786, 0
21260.00319, 10.001078, 13889, 13889, 0
21270.001922, 9.998732, 14279, 14246, 33
21280.002213, 10.000291, 13840, 13840, 0
21290.001572, 9.999359, 14415, 14415, 0
21300.001545, 9.999973, 14084, 14084, 0
21310.001235, 9.99969, 14151, 14124, 27
21320.003201, 10.001966, 15112, 15112, 0
21330.002919, 9.999718, 15483, 15483, 0
21340.000601, 9.997682, 14344, 14295, 49
21350.001181, 10.00058, 13420, 13420, 0
21360.001477, 10.000296, 14485, 14485, 0
21370.001218, 9.999741, 11128, 11128, 0
21380.001166, 9.999948, 14808, 14808, 0
21390.00359, 10.002424, 16395, 16395, 0
21400.001232, 9.997642, 13563, 13563, 0
21410.003071, 10.001839, 16519, 16518, 1
21420.000227, 9.997156, 14381, 14353, 28
21430.002131, 10.001904, 13654, 13654, 0
21440.001128, 9.998997, 12746, 12746, 0
21450.002003, 10.000875, 15289, 15289, 0
21460.001211, 9.999208, 14203, 14203, 0
21470.002096, 10.000885, 15719, 15719, 0
21480.001176, 9.99908, 14908, 14908, 0
21490.003562, 10.002386, 15595, 15595, 0
21500.002719, 9.999157, 15322, 15269, 53
21510.00115, 9.998431, 12917, 12917, 0
21520.001164, 10.000014, 13054, 13009, 45
21530.002996, 10.001832, 15451, 15451, 0
21540.001291, 9.998295, 14379, 14358, 21
21550.001613, 10.000322, 15201, 15170, 31
21560.001408, 9.999795, 15539, 15539, 0
21570.002476, 10.001068, 16751, 16751, 0
21580.001616, 9.99914, 15257, 15257, 0
21590.002469, 10.000853, 17430, 17430, 0
21600.001471, 9.999002, 14983, 14983, 0
21610.00152, 10.000049, 14958, 14958, 0
21620.002418, 10.000898, 13044, 13044, 0
21630.003844, 10.001426, 15423, 15423, 0
21640.001151, 9.997307, 15131, 15085, 46
21650.001462, 10.000311, 15152, 15152, 0
21660.001734, 10.000272, 13308, 13308, 0
21670.001224, 9.99949, 17526, 17526, 0
21680.002513, 10.001289, 16557, 16557, 0
21690.001288, 9.998775, 15006, 14979, 27
21700.004181, 10.002893, 13157, 13112, 45
21710.001459, 9.997278, 11035, 11035, 0
21720.001373, 9.999914, 12870, 12827, 43
21730.001125, 9.999752, 10317, 10317, 0
21740.00216, 10.001035, 16747, 16747, 0
21750.001146, 9.998986, 11645, 11645, 0
21760.001846, 10.0007, 14533, 14533, 0
21770.001231, 9.999385, 13908, 13908, 0
21780.001789, 10.000558, 15402, 15402, 0
21790.002578, 10.000789, 15789, 15789, 0
21800.002415, 9.999837, 16069, 16069, 0
21810.001216, 9.998801, 14471, 14471, 0
21820.001229, 10.000013, 13245, 13189, 56
21830.001376, 10.000147, 13681, 13681, 0
21840.00146, 10.000084, 14752, 14752, 0
21850.001565, 10.000105, 15235, 15235, 0
21860.001657, 10.000092, 15572, 15519, 53
21870.002037, 10.00038, 12662, 12662, 0
21880.003011, 10.000974, 14839, 14839, 0
21890.001487, 9.998476, 16059, 16009, 50
21900.00235, 10.000863, 15100, 15100, 0
21910.001185, 9.998835, 12942, 12942, 0
21920.001268, 10.000083, 13869, 13869, 0
21930.001901, 10.000633, 13973, 13907, 66
21940.001626, 9.999725, 9729, 9729, 0
21950.00217, 10.000544, 15162, 15162, 0
21960.001496, 9.999326, 13108, 13069, 39
21970.002555, 10.001059, 16208, 16208, 0
21980.002427, 9.999872, 14431, 14431, 0
21990.001493, 9.999066, 14800, 14800, 0
22000.001179, 9.999686, 13893, 13893, 0
22010.001181, 10.000002, 13642, 13642, 0
22020.00271, 10.001529, 14258, 14258, 0
22030.001177, 9.998467, 12920, 12920, 0
22040.001239, 10.000062, 15003, 15003, 0
22050.001375, 10.000136, 13247, 13247, 0
22060.002019, 10.000644, 13940, 13916, 24
22070.001433, 9.999414, 15279, 15279, 0
22080.002464, 10.001031, 12775, 12775, 0
22090.003555, 10.001091, 14401, 14401, 0
22100.002322, 9.998767, 14889, 14889, 0
22110.001181, 9.998859, 13120, 13120, 0
22120.004188, 10.003007, 15597, 15554, 43
22130.001204, 9.997016, 12479, 12479, 0
22140.001185, 9.999981, 13044, 13044, 0
22150.001955, 10.00077, 12049, 12049, 0
22160.001178, 9.999223, 14087, 14087, 0
22170.001185, 10.000007, 14917, 14917, 0
22180.003632, 10.002447, 15182, 15182, 0
22190.001143, 9.997511, 15007, 14931, 76
22200.001203, 10.00006, 11477, 11425, 52
22210.001676, 10.000473, 10478, 10477, 1
22220.001144, 9.999468, 10660, 10659, 1
22230.001511, 10.000367, 13549, 13549, 0
22240.002431, 10.00092, 14208, 14208, 0
22250.001236, 9.998805, 14077, 14077, 0
22260.001174, 9.999938, 15370, 15370, 0
22270.001183, 10.000009, 14062, 14062, 0
22280.001176, 9.999993, 14093, 14093, 0
22290.001217, 10.000041, 13190, 13190, 0
22300.002713, 10.001496, 13833, 13833, 0
22310.003014, 10.000301, 15736, 15736, 0
22320.001167, 9.998153, 13982, 13982, 0
22330.004138, 10.002971, 16606, 16583, 23
22340.001223, 9.997085, 13117, 13117, 0
22350.00124, 10.000017, 14074, 14074, 0
22360.001493, 10.000253, 14324, 14324, 0
22370.005585, 10.004092, 16213, 16169, 44
22380.001385, 9.9958, 15487, 15487, 0
22390.001284, 9.999899, 11974, 11974, 0
22400.001192, 9.999908, 13454, 13454, 0
22410.00213, 10.000938, 12426, 12426, 0
22420.001517, 9.999387, 13294, 13294, 0
22430.001238, 9.999721, 13875, 13829, 46
22440.002915, 10.001677, 13973, 13973, 0
22450.005612, 10.002697, 11942, 11942, 0
22460.002189, 9.996577, 15532, 15532, 0
22470.003059, 10.00087, 13820, 13820, 0
22480.001236, 9.998177, 14655, 14655, 0
22490.001718, 10.000482, 16084, 16084, 0
22500.001529, 9.999811, 15225, 15169, 56
22510.001875, 10.000346, 11808, 11773, 35
22520.002088, 10.000213, 12242, 12242, 0
22530.001224, 9.999136, 14567, 14567, 0
22540.003497, 10.002273, 14247, 14247, 0
22550.001481, 9.997984, 14641, 14641, 0
22560.00312, 10.001639, 15250, 15250, 0
22570.00124, 9.99812, 15072, 15072, 0
22580.003842, 10.002602, 14831, 14831, 0
22590.002831, 9.998989, 14270, 14270, 0
22600.001139, 9.998308, 15104, 15104, 0
22610.001794, 10.000655, 16577, 16577, 0
22620.001193, 9.999399, 16645, 16645, 0
22630.001463, 10.00027, 14802, 14734, 68
22640.001893, 10.00043, 12078, 12078, 0
22650.001169, 9.999276, 11929, 11929, 0
22660.001427, 10.000258, 11008, 11008, 0
22670.001942, 10.000515, 16244, 16199, 45
22680.004131, 10.002189, 13419, 13419, 0
22690.001238, 9.997107, 15500, 15458, 42
22700.003824, 10.002586, 14904, 14868, 36
22710.002289, 9.998465, 14954, 14954, 0
22720.001223, 9.998934, 14267, 14267, 0
22730.001169, 9.999946, 14387, 14350, 37
22740.001582, 10.000413, 13840, 13840, 0
22750.001286, 9.999704, 14781, 14781, 0
22760.001316, 10.00003, 14632, 14632, 0
22770.002256, 10.00094, 15833, 15802, 31
22780.001748, 9.999492, 12151, 12151, 0
22790.001217, 9.999469, 15718, 15718, 0
22800.001655, 10.000438, 13748, 13748, 0
22810.002357, 10.000702, 15203, 15203, 0
22820.001239, 9.998882, 15214, 15185, 29
22830.001174, 9.999935, 14970, 14927, 43
22840.001383, 10.000209, 14530, 14529, 1
22850.001136, 9.999753, 13798, 13798, 0
22860.00385, 10.002714, 15180, 15180, 0
22870.001669, 9.997819, 17045, 17045, 0
22880.008919, 10.00725, 15642, 15642, 0
22890.002268, 9.993349, 15526, 15493, 33
22900.001255, 9.998987, 13191, 13191, 0
22910.001494, 10.000239, 14758, 14758, 0
22920.001162, 9.999668, 13972, 13972, 0
22930.003705, 10.002543, 14326, 14326, 0
22940.001152, 9.997447, 15475, 15426, 49
22950.00376, 10.002608, 14491, 14430, 61
22960.003005, 9.999245, 11556, 11556, 0
22970.002478, 9.999473, 18744, 18744, 0
22980.001169, 9.998691, 15194, 15194, 0
22990.002019, 10.00085, 14931, 14931, 0
23000.001151, 9.999132, 16380, 16380, 0
23010.003296, 10.002145, 15863, 15821, 42
23020.001163, 9.997867, 12660, 12660, 0
23030.001854, 10.000691, 13100, 13100, 0
23040.001191, 9.999337, 13353, 13319, 34
23050.001169, 9.999978, 14110, 14110, 0
23060.001337, 10.000168, 15067, 15067, 0
23070.001135, 9.999798, 17103, 17103, 0
23080.001318, 10.000183, 14764, 14764, 0
23090.001228, 9.99991, 13814, 13777, 37
23100.001178, 9.99995, 14466, 14466, 0
23110.00135, 10.000172, 15073, 15017, 56
23120.00122, 9.99987, 14328, 14328, 0
23130.001182, 9.999962, 13286, 13226, 60
23140.001343, 10.000161, 13100, 13092, 8
23150.001266, 9.999923, 15162, 15162, 0
23160.001504, 10.000238, 14450, 14450, 0
23170.002045, 10.000541, 14964, 14964, 0
23180.002374, 10.000329, 14774, 14774, 0
23190.001522, 9.999148, 18225, 18180, 45
23200.001223, 9.999701, 16647, 16647, 0
23210.002719, 10.001496, 14465, 14465, 0
23220.001235, 9.998516, 14908, 14908, 0
23230.005417, 10.004182, 15342, 15342, 0
23240.002725, 9.997308, 15297, 15297, 0
23250.001519, 9.998794, 15097, 15097, 0
23260.001178, 9.999659, 15821, 15781, 40
23270.001161, 9.999983, 14575, 14575, 0
23280.00125, 10.000089, 16391, 16391, 0
23290.001391, 10.000141, 16253, 16253, 0
23300.001201, 9.99981, 14899, 14853, 46
23310.002592, 10.001391, 15041, 15041, 0
23320.003242, 10.00065, 15586, 15505, 81
23330.001235, 9.997993, 10807, 10807, 0
23340.001191, 9.999956, 15902, 15902, 0
23350.001425, 10.000234, 14833, 14833, 0
23360.002301, 10.000876, 16990, 16990, 0
23370.00127, 9.998969, 16005, 15959, 46
23380.001289, 10.000019, 14026, 14026, 0
23390.003967, 10.002678, 14044, 13995, 49
23400.003891, 9.999924, 13499, 13440, 59
23410.001177, 9.997286, 12388, 12388, 0
23420.001199, 10.000022, 12479, 12479, 0
23430.002141, 10.000942, 16072, 16009, 63
23440.001327, 9.999186, 18075, 18075, 0
23450.001227, 9.9999, 16819, 16819, 0
23460.001295, 10.000068, 15042, 14994, 48
23470.00179, 10.000495, 15987, 15987, 0
23480.00179, 10.0, 14860, 14860, 0
23490.003185, 10.001395, 15089, 15089, 0
23500.001231, 9.998046, 16499, 16499, 0
23510.001212, 9.999981, 16283, 16283, 0
23520.001222, 10.00001, 14984, 14984, 0
23530.001745, 10.000523, 16496, 16466, 30
23540.001224, 9.999479, 15521, 15521, 0
23550.00499, 10.003766, 15951, 15951, 0
23560.001853, 9.996863, 14372, 14349, 23
23570.00119, 9.999337, 14306, 14306, 0
23580.002917, 10.001727, 15405, 15405, 0
23590.001294, 9.998377, 16877, 16877, 0
23600.001181, 9.999887, 15598, 15548, 50
23610.001185, 10.000004, 13120, 13120, 0
23620.001567, 10.000382, 14096, 14096, 0
23630.001441, 9.999874, 13651, 13651, 0
23640.003867, 10.002426, 14966, 14966, 0
23650.002179, 9.998312, 17127, 17127, 0
23660.001699, 9.99952, 16268, 16220, 48
23670.001702, 10.000003, 11976, 11955, 21
23680.002359, 10.000657, 9985, 9985, 0
23690.001157, 9.998798, 13880, 13880, 0
23700.002132, 10.000975, 16817, 16817, 0
23710.003558, 10.001426, 18793, 18793, 0
23720.001193, 9.997635, 17870, 17870, 0
23730.001155, 9.999962, 14793, 14681, 112
23740.00134, 10.000185, 12949, 12949, 0
23750.00209, 10.00075, 16475, 16475, 0
23760.001434, 9.999344, 15531, 15506, 25
23770.00121, 9.999776, 13449, 13449, 0
23780.001206, 9.999996, 16021, 16021, 0
23790.0012, 9.999994, 16459, 16459, 0
23800.001326, 10.000126, 16818, 16734, 84
23810.001472, 10.000146, 13985, 13985, 0
23820.001642, 10.00017, 14378, 14378, 0
23830.001657, 10.000015, 15767, 15734, 33
23840.004357, 10.0027, 16017, 16017, 0
23850.001334, 9.996977, 14026, 14026, 0
23860.00199, 10.000656, 14791, 14791, 0
23870.0014, 9.99941, 14486, 14450, 36
23880.006868, 10.005468, 15609, 15609, 0
23890.005337, 9.998469, 15253, 15253, 0
23900.003577, 9.99824, 15863, 15863, 0
23910.001381, 9.997804, 16520, 16447, 73
23920.001707, 10.000326, 17781, 17781, 0
23930.001208, 9.999501, 14155, 14155, 0
23940.002847, 10.001639, 13818, 13818, 0
23950.002652, 9.999805, 17786, 17786, 0
23960.002843, 10.000191, 15792, 15792, 0
23970.001173, 9.99833, 14728, 14728, 0
23980.001243, 10.00007, 15822, 15784, 38
23990.003519, 10.002276, 16233, 16233, 0
24000.002885, 9.999366, 17256, 17205, 51
24010.003579, 10.000694, 13447, 13447, 0
24020.004349, 10.00077, 14223, 14223, 0
24030.001612, 9.997263, 16603, 16580, 23
24040.001166, 9.999554, 16878, 16858, 20
24050.004715, 10.003549, 15744, 15744, 0
24060.003576, 9.998861, 13826, 13826, 0
24070.001384, 9.997808, 14961, 14961, 0
24080.001483, 10.000099, 15755, 15755, 0
24090.001535, 10.000052, 15630, 15576, 54
24100.001221, 9.999686, 12436, 12436, 0
24110.00123, 10.000009, 16456, 16456, 0
24120.001159, 9.999929, 16938, 16938, 0
24130.00341, 10.002251, 18276, 18276, 0
24140.006764, 10.003354, 16296, 16296, 0
24150.001552, 9.994788, 16122, 16122, 0
24160.00117, 9.999618, 17740, 17740, 0
24170.009374, 10.008204, 15505, 15458, 47
24180.001145, 9.991771, 16423, 16423, 0
24190.001361, 10.000216, 12300, 12300, 0
24200.00178, 10.000419, 17149, 17149, 0
24210.001122, 9.999342, 14970, 14860, 110
24220.001133, 10.000011, 12042, 12042, 0
24230.001204, 10.000071, 15702, 15702, 0
24240.001435, 10.000231, 15018, 15004, 14
24250.001321, 9.999886, 14337, 14310, 27
24260.001245, 9.999924, 12702, 12702, 0
24270.001133, 9.999888, 15441, 15402, 39
24280.002021, 10.000888, 14980, 14980, 0
24290.001596, 9.999575, 14974, 14974, 0
24300.002478, 10.000882, 16209, 16209, 0
24310.004106, 10.001628, 16604, 16530, 74
24320.001188, 9.997082, 16105, 16062, 43
24330.004377, 10.003189, 14833, 14759, 74
24340.001166, 9.996789, 14595, 14595, 0
24350.003464, 10.002298, 12731, 12731, 0
24360.001199, 9.997735, 17832, 17832, 0
24370.001411, 10.000212, 17743, 17743, 0
24380.003696, 10.002285, 14016, 13993, 23
24390.002058, 9.998362, 15226, 15193, 33
24400.001165, 9.999107, 13122, 13122, 0
24410.001219, 10.000054, 13272, 13272, 0
24420.004271, 10.003052, 17706, 17663, 43
24430.003646, 9.999375, 16334, 16334, 0
24440.001296, 9.99765, 12884, 12884, 0
24450.001198, 9.999902, 15911, 15911, 0
24460.002588, 10.00139, 15700, 15700, 0
24470.002571, 9.999983, 17338, 17338, 0
24480.001346, 9.998775, 16556, 16556, 0
24490.00114, 9.999794, 16661, 16661, 0
24500.00327, 10.00213, 16890, 16850, 40
24510.002947, 9.999677, 13703, 13703, 0
24520.001994, 9.999047, 14948, 14948, 0
24530.001377, 9.999383, 14770, 14703, 67
24540.001147, 9.99977, 13562, 13543, 19
24550.002496, 10.001349, 13297, 13297, 0
24560.001523, 9.999027, 15309, 15309, 0
24570.001991, 10.000468, 15984, 15874, 110
24580.001658, 9.999667, 13722, 13722, 0
24590.001338, 9.99968, 13969, 13930, 39
24600.00343, 10.002092, 11793, 11793, 0
24610.001449, 9.998019, 16499, 16458, 41
24620.004819, 10.00337, 13128, 13128, 0
24630.004602, 9.999783, 14425, 14403, 22
24640.001459, 9.996857, 14662, 14606, 56
24650.001221, 9.999762, 10709, 10709, 0
24660.001177, 9.999956, 13257, 13257, 0
24670.00157, 10.000393, 14260, 14260, 0
24680.001142, 9.999572, 14698, 14642, 56
24690.001141, 9.999999, 13135, 13135, 0
24700.003009, 10.001868, 15271, 15271, 0
24710.001186, 9.998177, 13196, 13196, 0
24720.001146, 9.99996, 12761, 12761, 0
24730.002706, 10.00156, 13792, 13792, 0
24740.004302, 10.001596, 13943, 13892, 51
24750.001208, 9.996906, 10692, 10662, 30
24760.001137, 9.999929, 15507, 15507, 0
24770.001151, 10.000014, 11957, 11912, 45
24780.001148, 9.999997, 11232, 11232, 0
24790.002145, 10.000997, 16092, 16092, 0
24800.002768, 10.000623, 14645, 14644, 1
24810.000131, 9.997363, 15808, 15752, 56
24820.001198, 10.001067, 15163, 15127, 36
24830.001183, 9.999985, 12033, 12033, 0
24840.002135, 10.000952, 16172, 16172, 0
24850.001146, 9.999011, 13454, 13365, 89
24860.002631, 10.001485, 16553, 16553, 0
24870.001974, 9.999343, 12728, 12728, 0
24880.00367, 10.001696, 16416, 16369, 47
24890.00122, 9.99755, 12403, 12369, 34
24900.002903, 10.001683, 14964, 14964, 0
24910.003739, 10.000836, 12476, 12476, 0
24920.001194, 9.997455, 16224, 16142, 82
24930.001211, 10.000017, 11117, 11117, 0
24940.00124, 10.000029, 14551, 14550, 1
24950.005889, 10.004649, 15249, 15249, 0
24960.004297, 9.998408, 18111, 18069, 42
24970.001262, 9.996965, 14392, 14392, 0
24980.001898, 10.000636, 15583, 15534, 49
24990.001218, 9.99932, 10383, 10341, 42
25000.002342, 10.001124, 12697, 12657, 40
25010.003404, 10.001062, 15613, 15613, 0
25020.002236, 9.998832, 16615, 16615, 0
25030.001374, 9.999138, 14497, 14467, 30
25040.001351, 9.999977, 12045, 12045, 0
25050.002465, 10.001114, 18208, 18208, 0
25060.002165, 9.9997, 14847, 14847, 0
25070.001393, 9.999228, 15636, 15600, 36
25080.001261, 9.999868, 12243, 12210, 33
25090.001161, 9.9999, 16033, 16033, 0
25100.004, 10.002839, 15101, 15101, 0
25110.001186, 9.997186, 15455, 15455, 0
25120.001216, 10.00003, 15446, 15405, 41
25130.001134, 9.999918, 13307, 13307, 0
25140.00378, 10.002646, 15469, 15469, 0
25150.004813, 10.001033, 15275, 15275, 0
25160.001125, 9.996312, 15242, 15242, 0
25170.001258, 10.000133, 15253, 15141, 112
25180.001247, 9.999989, 12342, 12342, 0
25190.002614, 10.001367, 12819, 12819, 0
25200.001278, 9.998664, 8552, 8552, 0
25210.001315, 10.000037, 18682, 18682, 0
25220.002224, 10.000909, 14837, 14807, 30
25230.001187, 9.998963, 14303, 14268, 35
25240.001143, 9.999956, 14026, 13974, 52
25250.001212, 10.000069, 10706, 10706, 0
25260.001155, 9.999943, 16458, 16458, 0
25270.001347, 10.000192, 15257, 15257, 0
25280.003044, 10.001697, 16444, 16444, 0
25290.002106, 9.999062, 16023, 16023, 0
25300.007464, 10.005358, 13857, 13857, 0
25310.002681, 9.995217, 16934, 16901, 33
25320.001189, 9.998508, 15049, 15005, 44
25330.001424, 10.000235, 15604, 15604, 0
25340.002647, 10.001223, 14785, 14785, 0
25350.003648, 10.001001, 18575, 18534, 41
25360.001274, 9.997626, 15060, 15029, 31
25370.004691, 10.003417, 16469, 16469, 0
25380.001214, 9.996523, 15587, 15548, 39
25390.001145, 9.999931, 16242, 16206, 36
25400.004763, 10.003618, 11179, 11179, 0
25410.001213, 9.99645, 14937, 14937, 0
25420.001231, 10.000018, 15805, 15757, 48
25430.001148, 9.999917, 14283, 14283, 0
25440.003527, 10.002379, 12859, 12859, 0
25450.000534, 9.997007, 15480, 15480, 0
25460.002574, 10.00204, 16323, 16277, 46
25470.004458, 10.001884, 16808, 16767, 41
25480.001713, 9.997255, 16395, 16395, 0
25490.001776, 10.000063, 16448, 16448, 0
25500.003487, 10.001711, 15963, 15963, 0
25510.001219, 9.997732, 15471, 15471, 0
25520.001364, 10.000145, 18160, 18082, 78
25530.003433, 10.002069, 16043, 15953, 90
25540.00119, 9.997757, 16583, 16583, 0
25550.001293, 10.000103, 15790, 15790, 0
25560.003432, 10.002139, 15147, 15147, 0
25570.002658, 9.999226, 16241, 16158, 83
25580.002743, 10.000085, 14094, 14094, 0
25590.001208, 9.998465, 12020, 12020, 0
25600.001164, 9.999956, 13137, 13101, 36
25610.001223, 10.000059, 15070, 15070, 0
25620.001273, 10.00005, 11091, 11048, 43
25630.001304, 10.000031, 14025, 14025, 0
25640.001318, 10.000014, 13863, 13824, 39
25650.002387, 10.001069, 13605, 13605, 0
25660.001185, 9.998798, 13148, 13148, 0
25670.001347, 10.000162, 14627, 14583, 44
25680.002955, 10.001608, 12021, 12021, 0
25690.00406, 10.001105, 14724, 14724, 0
25700.001373, 9.997313, 13085, 13085, 0
25710.003792, 10.002419, 15099, 15099, 0
25720.006366, 10.002574, 13825, 13825, 0
25730.001183, 9.994817, 13060, 13060, 0
25740.00126, 10.000077, 14310, 14310, 0
25750.001196, 9.999936, 12956, 12956, 0
25760.001152, 9.999956, 15810, 15810, 0
25770.001558, 10.000406, 14221, 14221, 0
25780.001186, 9.999628, 13691, 13649, 42
25790.00147, 10.000284, 13773, 13773, 0
25800.003043, 10.001573, 16100, 16100, 0
25810.001195, 9.998152, 14604, 14564, 40
25820.00495, 10.003755, 15044, 15044, 0
25830.003776, 9.998826, 17430, 17430, 0
25840.002457, 9.998681, 15664, 15664, 0
25850.001343, 9.998886, 13925, 13925, 0
25860.003031, 10.001688, 17972, 17972, 0
25870.002667, 9.999636, 15879, 15879, 0
25880.001402, 9.998735, 14518, 14463, 55
25890.001593, 10.000191, 13161, 13161, 0
25900.001143, 9.99955, 15466, 15466, 0
25910.00127, 10.000127, 12338, 12338, 0
25920.001202, 9.999932, 14954, 14954, 0
25930.001253, 10.000051, 14749, 14749, 0
25940.001612, 10.000359, 14510, 14510, 0
25950.001174, 9.999562, 14958, 14926, 32
25960.002017, 10.000843, 14000, 14000, 0
25970.00117, 9.999153, 14051, 13999, 52
25980.001197, 10.000027, 15027, 15027, 0
25990.001976, 10.000779, 15134, 15092, 42
26000.00158, 9.999604, 12111, 12111, 0
26010.004821, 10.003241, 12465, 12465, 0
26020.001212, 9.996391, 15074, 15074, 0
26030.001211, 9.999999, 15751, 15662, 89
26040.001168, 9.999957, 10999, 10952, 47
26050.001226, 10.000058, 9314, 9295, 19
26060.001689, 10.000463, 16483, 16483, 0
26070.002458, 10.000769, 13982, 13982, 0
26080.00119, 9.998732, 13350, 13350, 0
26090.001218, 10.000028, 13727, 13727, 0
26100.002292, 10.001074, 15382, 15382, 0
26110.001208, 9.998916, 15114, 15088, 26
26120.005573, 10.004365, 16269, 16240, 29
26130.00241, 9.996837, 12848, 12798, 50
26140.002142, 9.999732, 13134, 13116, 18
26150.00014, 9.997998, 16457, 16410, 47
26160.001259, 10.001119, 10043, 10029, 14
26170.001742, 10.000483, 14263, 14263, 0
26180.001182, 9.99944, 13137, 13137, 0
26190.002174, 10.000992, 13957, 13902, 55
26200.000145, 9.997971, 14000, 14000, 0
26210.001796, 10.001651, 11278, 11260, 18
26220.005212, 10.003416, 14608, 14581, 27
26230.001894, 9.996682, 14994, 14976, 18
26240.001223, 9.999329, 12107, 12107, 0
26250.001178, 9.999955, 14531, 14530, 1
26260.001194, 10.000016, 12092, 12092, 0
26270.002316, 10.001122, 13818, 13818, 0
26280.003394, 10.001078, 15113, 15014, 99
26290.00393, 10.000536, 15030, 14984, 46
26300.001235, 9.997305, 10825, 10825, 0
26310.001205, 9.99997, 14266, 14260, 6
26320.002373, 10.001168, 13306, 13277, 29
26330.001428, 9.999055, 14250, 14250, 0
26340.001207, 9.999779, 14366, 14366, 0
26350.00164, 10.000433, 16412, 16412, 0
26360.002345, 10.000705, 14462, 14462, 0
26370.001371, 9.999026, 15145, 15145, 0
26380.001255, 9.999884, 14765, 14765, 0
26390.001214, 9.999959, 14645, 14645, 0
26400.001631, 10.000417, 14726, 14726, 0
26410.001164, 9.999533, 12898, 12898, 0
26420.002517, 10.001353, 16023, 16023, 0
26430.001244, 9.998727, 14595, 14595, 0
26440.002429, 10.001185, 13842, 13841, 1
26450.001216, 9.998787, 14743, 14692, 51
26460.001194, 9.999978, 12933, 12933, 0
26470.001187, 9.999993, 12758, 12729, 29
26480.001202, 10.000015, 12089, 12089, 0
26490.003691, 10.002489, 14084, 14084, 0
26500.001546, 9.997855, 14715, 14715, 0
26510.001486, 9.99994, 11367, 11367, 0
26520.001355, 9.999869, 13575, 13575, 0
26530.003204, 10.001849, 11956, 11956, 0
26540.001444, 9.99824, 12474, 12474, 0
26550.001729, 10.000285, 13484, 13484, 0
26560.002898, 10.001169, 14457, 14457, 0
26570.003148, 10.00025, 13368, 13368, 0
26580.002151, 9.999003, 14020, 14020, 0
26590.00207, 9.999919, 15002, 15002, 0
26600.001338, 9.999268, 14955, 14955, 0
26610.003142, 10.001804, 11943, 11943, 0
26620.005084, 10.001942, 14558, 14524, 34
26630.001376, 9.996292, 14194, 14194, 0
26640.004321, 10.002945, 14666, 14666, 0
26650.001211, 9.99689, 15675, 15639, 36
26660.001458, 10.000247, 11614, 11584, 30
26670.00119, 9.999732, 15312, 15312, 0
26680.001503, 10.000313, 11411, 11411, 0
26690.001188, 9.999685, 12913, 12867, 46
26700.001867, 10.000679, 12626, 12626, 0
26710.00235, 10.000483, 15570, 15570, 0
26720.001533, 9.999183, 11295, 11295, 0
26730.001717, 10.000184, 15203, 15142, 61
26740.001172, 9.999455, 15301, 15301, 0
26750.001215, 10.000043, 14492, 14492, 0
26760.001536, 10.000321, 15284, 15225, 59
26770.001598, 10.000062, 12755, 12755, 0
26780.00212, 10.000522, 10771, 10771, 0
26790.001147, 9.999027, 13864, 13864, 0
26800.003195, 10.002048, 13416, 13378, 38
26810.004118, 10.000923, 12389, 12389, 0
26820.001218, 9.9971, 15459, 15459, 0
26830.001538, 10.00032, 14842, 14842, 0
26840.002747, 10.001209, 14793, 14761, 32
26850.001239, 9.998492, 12493, 12493, 0
26860.001169, 9.99993, 13552, 13552, 0
26870.003873, 10.002704, 14770, 14770, 0
26880.001147, 9.997274, 13034, 13034, 0
26890.002188, 10.001041, 13656, 13656, 0
26900.003375, 10.001187, 13575, 13535, 40
26910.001197, 9.997822, 11930, 11930, 0
26920.001234, 10.000037, 14190, 14190, 0
26930.001217, 9.999983, 12599, 12599, 0
26940.003855, 10.002638, 13846, 13801, 45
26950.001387, 9.997532, 12259, 12259, 0
26960.00134, 9.999953, 12310, 12310, 0
26970.001269, 9.999929, 13797, 13797, 0
26980.002543, 10.001274, 12287, 12242, 45
26990.001227, 9.998684, 13911, 13911, 0
27000.001358, 10.000131, 13586, 13586, 0
27010.001157, 9.999799, 14154, 14154, 0
27020.001189, 10.000032, 12446, 12420, 26
27030.001182, 9.999993, 15326, 15326, 0
27040.003715, 10.002533, 15696, 15696, 0
27050.001199, 9.997484, 15276, 15276, 0
27060.001182, 9.999983, 16112, 16112, 0
27070.003705, 10.002523, 14021, 14021, 0
27080.001194, 9.997489, 14762, 14721, 41
27090.002844, 10.00165, 14240, 14240, 0
27100.002103, 9.999259, 10510, 10500, 10
27110.002028, 9.999925, 14560, 14486, 74
27120.001236, 9.999208, 14946, 14927, 19
27130.001424, 10.000188, 9904, 9904, 0
27140.004091, 10.002667, 16754, 16754, 0
27150.0015, 9.997409, 15279, 15278, 1
27160.002732, 10.001232, 13252, 13252, 0
27170.00118, 9.998448, 16394, 16394, 0
27180.001803, 10.000623, 15682, 15682, 0
27190.001952, 10.000149, 14427, 14427, 0
27200.001164, 9.999212, 15259, 15259, 0
27210.001153, 9.999989, 15413, 15380, 33
27220.001297, 10.000144, 12613, 12613, 0
27230.001913, 10.000616, 13207, 13207, 0
27240.001191, 9.999278, 13341, 13309, 32
27250.00121, 10.000019, 13113, 13113, 0
27260.002835, 10.001625, 11576, 11576, 0
27270.001205, 9.99837, 15310, 15297, 13
27280.001242, 10.000037, 12500, 12483, 17
27290.001418, 10.000176, 15337, 15337, 0
27300.001427, 10.000009, 14509, 14509, 0
27310.001221, 9.999794, 15880, 15880, 0
27320.001904, 10.000683, 15521, 15492, 29
27330.001341, 9.999437, 16172, 16172, 0
27340.001192, 9.999851, 12126, 12126, 0
27350.003166, 10.001974, 14705, 14684, 21
27360.001972, 9.998806, 15298, 15258, 40
27370.004383, 10.002411, 12027, 12027, 0
27380.007381, 10.002998, 11995, 11958, 37
27390.001252, 9.993871, 13675, 13675, 0
27400.002007, 10.000755, 15738, 15738, 0
27410.003737, 10.00173, 13473, 13473, 0
27420.001157, 9.99742, 14408, 14372, 36
27430.001203, 10.000046, 13918, 13918, 0
27440.002052, 10.000849, 12995, 12962, 33
27450.001156, 9.999104, 12571, 12571, 0
27460.001295, 10.000139, 16103, 16097, 6
27470.002024, 10.000729, 15487, 15456, 31
27480.001319, 9.999295, 13630, 13593, 37
27490.001984, 10.000665, 15820, 15794, 26
27500.00147, 9.999486, 13099, 13099, 0
27510.002047, 10.000577, 14388, 14388, 0
27520.000558, 9.998511, 13738, 13738, 0
27530.00273, 10.002172, 16778, 16778, 0
27540.001477, 9.998747, 15287, 15287, 0
27550.00523, 10.003753, 13983, 13923, 60
27560.002188, 9.996958, 11690, 11690, 0
27570.002179, 9.999991, 13908, 13908, 0
27580.001208, 9.999029, 15265, 15265, 0
27590.001274, 10.000066, 14681, 14678, 3
27600.001227, 9.999953, 15285, 15264, 21
27610.003162, 10.001935, 15760, 15661, 99
27620.001174, 9.998012, 11324, 11324, 0
27630.001534, 10.00036, 11999, 11999, 0
27640.001189, 9.999655, 14161, 14161, 0
27650.002631, 10.001442, 13115, 13115, 0
27660.001415, 9.998784, 14337, 14337, 0
27670.00122, 9.999805, 13953, 13923, 30
27680.001228, 10.000008, 14470, 14470, 0
27690.001149, 9.999921, 15242, 15242, 0
27700.001176, 10.000027, 14231, 14231, 0
27710.001363, 10.000187, 15598, 15598, 0
27720.001964, 10.000601, 16251, 16251, 0
27730.003061, 10.001097, 14249, 14249, 0
27740.001428, 9.998367, 13978, 13978, 0
27750.002109, 10.000681, 17575, 17575, 0
27760.001146, 9.999037, 16523, 16523, 0
27770.002087, 10.000941, 16730, 16684, 46
27780.004344, 10.002257, 15418, 15418, 0
27790.001694, 9.99735, 15843, 15824, 19
27800.010451, 10.008757, 16254, 16181, 73
27810.002112, 9.991661, 12959, 12949, 10
27820.001295, 9.999183, 11705, 11676, 29
27830.001947, 10.000652, 9212, 9212, 0
27840.002494, 10.000547, 13918, 13918, 0
27850.001234, 9.99874, 13184, 13149, 35
27860.001697, 10.000463, 13940, 13940, 0
27870.002154, 10.000457, 13303, 13303, 0
27880.001375, 9.999221, 14793, 14774, 19
27890.005304, 10.003929, 15276, 15276, 0
27900.001189, 9.995885, 16292, 16292, 0
27910.00237, 10.001181, 14135, 14135, 0
27920.001197, 9.998827, 14255, 14255, 0
27930.001832, 10.000635, 14421, 14421, 0
27940.001262, 9.99943, 15652, 15615, 37
27950.001292, 10.00003, 14849, 14849, 0
27960.001335, 10.000043, 15233, 15233, 0
27970.001414, 10.000079, 17737, 17737, 0
27980.001278, 9.999864, 14904, 14904, 0
27990.001228, 9.99995, 15871, 15871, 0
28000.003068, 10.00184, 16169, 16168, 1
28010.001562, 9.998494, 14230, 14211, 19
28020.001249, 9.999687, 14704, 14704, 0
28030.001354, 10.000105, 13369, 13369, 0
28040.001535, 10.000181, 14979, 14979, 0
28050.002772, 10.001237, 14833, 14741, 92
28060.00161, 9.998838, 14042, 14012, 30
28070.004039, 10.002429, 12774, 12774, 0
28080.00227, 9.998231, 15843, 15843, 0
28090.001262, 9.998992, 15013, 15013, 0
28100.001314, 10.000052, 11895, 11895, 0
28110.001214, 9.9999, 15542, 15542, 0
28120.003208, 10.001994, 15146, 15017, 129
28130.002792, 9.999584, 16224, 16224, 0
28140.001207, 9.998415, 13345, 13345, 0
28150.001652, 10.000445, 12945, 12902, 43
28160.001343, 9.999691, 12743, 12743, 0
28170.001128, 9.999785, 15478, 15442, 36
28180.001444, 10.000316, 12054, 12054, 0
28190.001704, 10.00026, 16696, 16696, 0
28200.003431, 10.001727, 16206, 16150, 56
28210.001259, 9.997828, 12886, 12886, 0
28220.003542, 10.002283, 15897, 15897, 0
28230.001561, 9.998019, 17050, 17050, 0
28240.001242, 9.999681, 15198, 15174, 24
28250.002467, 10.001225, 13692, 13692, 0
28260.001153, 9.998686, 15437, 15437, 0
28270.001128, 9.999975, 14200, 14200, 0
28280.001262, 10.000134, 15757, 15757, 0
28290.003025, 10.001763, 16590, 16590, 0
28300.002573, 9.999548, 16223, 16223, 0
28310.001417, 9.998844, 14146, 14100, 46
28320.001191, 9.999774, 14090, 14090, 0
28330.001817, 10.000626, 14398, 14372, 26
28340.001189, 9.999372, 15261, 15261, 0
28350.002091, 10.000902, 12750, 12693, 57
28360.001861, 9.99977, 12092, 12092, 0
28370.001596, 9.999735, 15566, 15566, 0
28380.00136, 9.999764, 15508, 15483, 25
28390.001302, 9.999942, 15052, 15052, 0
28400.001214, 9.999912, 14032, 14032, 0
28410.003253, 10.002039, 12059, 12059, 0
28420.001386, 9.998133, 14856, 14817, 39
28430.002618, 10.001232, 15693, 15693, 0
28440.001249, 9.998631, 15146, 15146, 0
28450.00216, 10.000911, 14219, 14174, 45
28460.00233, 10.00017, 15251, 15251, 0
28470.001351, 9.999021, 15118, 15118, 0
28480.002645, 10.001294, 15665, 15665, 0
28490.001217, 9.998572, 15817, 15817, 0
28500.002306, 10.001089, 15874, 15874, 0
28510.001186, 9.99888, 15502, 15458, 44
28520.002776, 10.00159, 15692, 15570, 122
28530.005059, 10.002283, 13779, 13744, 35
28540.002365, 9.997306, 11829, 11800, 29
28550.001456, 9.999091, 14628, 14627, 1
28560.002758, 10.001302, 12319, 12319, 0
28570.002292, 9.999534, 13119, 13119, 0
28580.002301, 10.000009, 16370, 16370, 0
28590.001127, 9.998826, 14597, 14597, 0
28600.001934, 10.000807, 15256, 15256, 0
28610.001249, 9.999315, 14647, 14647, 0
28620.001342, 10.000093, 14577, 14577, 0
28630.001205, 9.999863, 14694, 14694, 0
28640.001443, 10.000238, 15890, 15890, 0
28650.001228, 9.999785, 17656, 17656, 0
28660.001423, 10.000195, 15681, 15631, 50
28670.006053, 10.00463, 14519, 14519, 0
28680.001299, 9.995246, 11825, 11798, 27
28690.001227, 9.999928, 15315, 15277, 38
28700.008507, 10.00728, 16847, 16809, 38
28710.001165, 9.992658, 14208, 14208, 0
28720.002248, 10.001083, 8879, 8879, 0
28730.00696, 10.004712, 17268, 17268, 0
28740.001411, 9.994451, 16992, 16992, 0
28750.002118, 10.000707, 15582, 15540, 42
28760.00774, 10.005622, 13374, 13229, 145
28770.001137, 9.993397, 12197, 12197, 0
28780.001333, 10.000196, 12344, 12291, 53
28790.001622, 10.000289, 15239, 15214, 25
28800.001459, 9.999837, 13813, 13813, 0
28810.001231, 9.999772, 11677, 11677, 0
28820.001247, 10.000016, 14299, 14299, 0
28830.001282, 10.000035, 14151, 14091, 60
28840.001384, 10.000102, 15230, 15230, 0
28850.0012, 9.999816, 14963, 14963, 0
28860.001894, 10.000694, 14786, 14733, 53
28870.001865, 9.999971, 14512, 14512, 0
28880.001148, 9.999283, 9556, 9556, 0
28890.001203, 10.000055, 15779, 15717, 62
28900.001355, 10.000152, 15314, 15268, 46
28910.001182, 9.999827, 11597, 11597, 0
28920.006461, 10.005279, 15163, 15125, 38
28930.004541, 9.99808, 16521, 16521, 0
28940.00115, 9.996609, 12991, 12991, 0
28950.002368, 10.001218, 14997, 14997, 0
28960.002182, 9.999814, 12886, 12832, 54
28970.001712, 9.99953, 14071, 14018, 53
28980.001428, 9.999716, 11718, 11718, 0
28990.001198, 9.99977, 14133, 14133, 0
29000.001187, 9.999989, 16413, 16379, 34
29010.00119, 10.000003, 14424, 14424, 0
29020.003681, 10.002491, 12979, 12979, 0
29030.001138, 9.997457, 15104, 15062, 42
29040.001498, 10.00036, 14056, 14056, 0
29050.00179, 10.000292, 14569, 14569, 0
29060.001328, 9.999538, 17594, 17594, 0
29070.002547, 10.001219, 15156, 15131, 25
29080.001152, 9.998605, 13879, 13879, 0
29090.0014, 10.000248, 14747, 14747, 0
29100.002768, 10.001368, 16450, 16450, 0
29110.001182, 9.998414, 16536, 16536, 0
29120.001188, 10.000006, 15364, 15364, 0
29130.001147, 9.999959, 16005, 16005, 0
29140.001175, 10.000028, 17443, 17310, 133
29150.001354, 10.000179, 15972, 15972, 0
29160.001649, 10.000295, 13494, 13494, 0
29170.005469, 10.00382, 8838, 8838, 0
29180.001175, 9.995706, 19149, 19040, 109
29190.004577, 10.003402, 15623, 15623, 0
29200.002914, 9.998337, 10432, 10400, 32
29210.001257, 9.998343, 16107, 16052, 55
29220.001194, 9.999937, 14698, 14698, 0
29230.001244, 10.00005, 13762, 13762, 0
29240.001202, 9.999958, 13853, 13853, 0
29250.001155, 9.999953, 14129, 14043, 86
29260.003259, 10.002104, 14251, 14223, 28
29270.00215, 9.998891, 12340, 12340, 0
29280.002201, 10.000051, 14085, 14085, 0
29290.010899, 10.008698, 15355, 15355, 0
29300.002093, 9.991194, 16009, 16009, 0
29310.001658, 9.999565, 13914, 13914, 0
29320.001294, 9.999636, 16677, 16547, 130
29330.001203, 9.999909, 13802, 13802, 0
29340.001289, 10.000086, 11691, 11691, 0
29350.002389, 10.0011, 11624, 11624, 0
29360.0012, 9.998811, 16832, 16832, 0
29370.00167, 10.00047, 16224, 16224, 0
29380.002064, 10.000394, 16790, 16790, 0
29390.001988, 9.999924, 16981, 16927, 54
29400.004814, 10.002826, 15011, 15011, 0
29410.001194, 9.99638, 13649, 13649, 0
29420.001496, 10.000302, 14457, 14457, 0
29430.002813, 10.001317, 14586, 14541, 45
29440.00121, 9.998397, 16374, 16374, 0
29450.001157, 9.999947, 13196, 13196, 0
29460.002005, 10.000848, 12295, 12295, 0
29470.008111, 10.006106, 18630, 18584, 46
29480.001476, 9.993365, 17697, 17697, 0
29490.002471, 10.000995, 17119, 17119, 0
29500.002167, 9.999696, 16420, 16278, 142
29510.005664, 10.003497, 13920, 13920, 0
29520.002795, 9.997131, 12057, 12057, 0
29530.001358, 9.998563, 17171, 17068, 103
29540.001661, 10.000303, 13480, 13472, 8
29550.001532, 9.999871, 13646, 13646, 0
29560.001695, 10.000163, 15394, 15394, 0
29570.001346, 9.999651, 12497, 12424, 73
29580.003117, 10.001771, 12422, 12422, 0
29590.001986, 9.998869, 12345, 12345, 0
29600.001654, 9.999668, 14096, 14096, 0
29610.003147, 10.001493, 14911, 14911, 0
29620.001176, 9.998029, 15873, 15873, 0
29630.003315, 10.002139, 15449, 15449, 0
29640.001171, 9.997856, 14219, 14178, 41
29650.001163, 9.999992, 13908, 13862, 46
29660.002527, 10.001364, 16612, 16612, 0
29670.001171, 9.998644, 14242, 14136, 106
29680.001376, 10.000205, 11630, 11584, 46
29690.001217, 9.999841, 11073, 11073, 0
29700.001163, 9.999946, 11372, 11372, 0
29710.001855, 10.000692, 14755, 14755, 0
29720.001742, 9.999887, 18328, 18328, 0
29730.001199, 9.999457, 16406, 16348, 58
29740.001443, 10.000244, 9484, 9433, 51
29750.001564, 10.000121, 18951, 18860, 91
29760.001206, 9.999642, 11223, 11223, 0
29770.001235, 10.000029, 15045, 15045, 0
29780.002339, 10.001104, 17950, 17911, 39
29790.001763, 9.999424, 15668, 15668, 0
29800.001226, 9.999463, 13681, 13681, 0
29810.001287, 10.000061, 16266, 16227, 39
29820.00352, 10.002233, 12414, 12380, 34
29830.001382, 9.997862, 14877, 14877, 0
29840.001183, 9.999801, 11813, 11813, 0
29850.001579, 10.000396, 14219, 14181, 38
29860.001206, 9.999627, 15304, 15233, 71
29870.009537, 10.008331, 13281, 13245, 36
29880.001218, 9.991681, 17001, 17001, 0
29890.0012, 9.999982, 13109, 13052, 57
29900.001544, 10.000344, 15598, 15598, 0
29910.001496, 9.999952, 16344, 16344, 0
29920.001437, 9.999941, 16320, 16320, 0
29930.002218, 10.000781, 16136, 16051, 85
29940.001221, 9.999003, 14682, 14681, 1
29950.001197, 9.999976, 11059, 11037, 22
29960.002248, 10.001051, 12847, 12804, 43
29970.001186, 9.998938, 15526, 15405, 121
29980.002053, 10.000867, 12613, 12613, 0
29990.001386, 9.999333, 13859, 13845, 14
30000.002101, 10.000715, 16596, 16535, 61
30010.002545, 10.000444, 17748, 17734, 14
30020.001184, 9.998639, 9080, 9080, 0
30030.002576, 10.001392, 18114, 18114, 0
30040.002535, 9.999959, 19563, 19522, 41
30050.001178, 9.998643, 14563, 14538, 25
30060.001206, 10.000028, 14171, 14171, 0
30070.001208, 10.000002, 13540, 13540, 0
30080.001548, 10.00034, 13162, 13162, 0
30090.001218, 9.99967, 14467, 14467, 0
30100.001678, 10.00046, 17117, 17117, 0
30110.001424, 9.999746, 15704, 15704, 0
30120.006642, 10.005218, 14357, 14357, 0
30130.001174, 9.994532, 13946, 13912, 34
30140.001189, 10.000015, 16283, 16283, 0
30150.00202, 10.000831, 13971, 13952, 19
30160.001238, 9.999218, 15539, 15457, 82
30170.001757, 10.000519, 18664, 18615, 49
30180.001188, 9.999431, 11800, 11800, 0
30190.002257, 10.001069, 17025, 16977, 48
30200.00125, 9.998993, 13317, 13317, 0
30210.004084, 10.002834, 13526, 13526, 0
30220.003033, 9.998949, 14712, 14679, 33
30230.001391, 9.998358, 14953, 14953, 0
30240.001704, 10.000313, 14649, 14619, 30
30250.001606, 9.999902, 14063, 14016, 47
30260.002359, 10.000753, 16185, 16185, 0
30270.001219, 9.99886, 15490, 15490, 0
30280.00133, 10.000111, 14141, 14141, 0
30290.001382, 10.000052, 15401, 15359, 42
30300.002352, 10.00097, 14169, 14074, 95
30310.001151, 9.998799, 16234, 16234, 0
30320.001227, 10.000076, 15497, 15448, 49
30330.003827, 10.0026, 14627, 14560, 67
30340.00204, 9.998213, 11974, 11974, 0
30350.001241, 9.999201, 12316, 12283, 33
30360.001281, 10.00004, 12892, 12892, 0
30370.001516, 10.000235, 14537, 14537, 0
30380.003132, 10.001616, 17332, 17332, 0
30390.001469, 9.998337, 17867, 17867, 0
30400.00291, 10.001441, 18124, 18096, 28
30410.001485, 9.998575, 16128, 16107, 21
30420.004527, 10.003042, 12208, 12208, 0
30430.001172, 9.996645, 15114, 15060, 54
30440.001472, 10.0003, 13061, 13061, 0
30450.006112, 10.00464, 16623, 16623, 0
30460.001271, 9.995159, 15375, 15375, 0
30470.001467, 10.000196, 15602, 15553, 49
30480.001746, 10.000279, 14227, 14160, 67
30490.003282, 10.001536, 15514, 15476, 38
30500.001337, 9.998055, 11530, 11530, 0
30510.001258, 9.999921, 13282, 13171, 111
30520.001878, 10.00062, 14802, 14802, 0
30530.001145, 9.999267, 15623, 15623, 0
30540.004844, 10.003699, 11641, 11641, 0
30550.001483, 9.996639, 6867, 6867, 0
30560.004048, 10.002565, 19677, 19677, 0
30570.001649, 9.997601, 18253, 18253, 0
30580.00161, 9.999961, 16201, 16172, 29
30590.001196, 9.999586, 15038, 15009, 29
30600.001186, 9.99999, 11950, 11928, 22
30610.003274, 10.002088, 15083, 15053, 30
30620.001162, 9.997888, 14895, 14895, 0
30630.001277, 10.000115, 14810, 14810, 0
30640.00179, 10.000513, 16051, 16019, 32
30650.002865, 10.001075, 15906, 15906, 0
30660.001204, 9.998339, 14459, 14409, 50
30670.001536, 10.000332, 12407, 12407, 0
30680.002403, 10.000867, 15362, 15362, 0
30690.001277, 9.998874, 16175, 16175, 0
30700.003455, 10.002178, 17602, 17602, 0
30710.005134, 10.001679, 16783, 16783, 0
30720.002443, 9.997309, 17245, 17245, 0
30730.0012, 9.998757, 14409, 14371, 38
30740.002783, 10.001583, 16125, 16106, 19
30750.001189, 9.998406, 11545, 11545, 0
30760.001978, 10.000789, 16131, 16131, 0
30770.001456, 9.999478, 15281, 15281, 0
30780.00123, 9.999774, 16904, 16904, 0
30790.001388, 10.000158, 14890, 14890, 0
30800.001851, 10.000463, 15219, 15208, 11
30810.00117, 9.999319, 16816, 16722, 94
30820.002981, 10.001811, 12325, 12325, 0
30830.004015, 10.001034, 17997, 17950, 47
30840.003462, 9.999447, 10694, 10659, 35
30850.001399, 9.997937, 16975, 16882, 93
30860.001135, 9.999736, 10837, 10837, 0
30870.001471, 10.000336, 12946, 12917, 29
30880.001294, 9.999823, 16361, 16239, 122
30890.003784, 10.00249, 12803, 12803, 0
30900.001509, 9.997725, 14207, 14207, 0
30910.001167, 9.999658, 16176, 16176, 0
30920.002331, 10.001164, 12674, 12674, 0
30930.002332, 10.000001, 16259, 16259, 0
30940.001331, 9.998999, 14151, 14108, 43
30950.003038, 10.001707, 12715, 12715, 0
30960.001194, 9.998156, 14217, 14217, 0
30970.001192, 9.999998, 14896, 14896, 0
30980.001494, 10.000302, 16903, 16903, 0
30990.001132, 9.999638, 16359, 16359, 0
31000.003989, 10.002857, 15789, 15789, 0
31010.001204, 9.997215, 14529, 14528, 1
31020.001259, 10.000055, 13543, 13503, 40
31030.0016, 10.000341, 14005, 14005, 0
31040.002188, 10.000588, 16778, 16778, 0
31050.002716, 10.000528, 16816, 16816, 0
31060.001702, 9.998986, 14409, 14333, 76
31070.001142, 9.99944, 13747, 13747, 0
31080.001677, 10.000535, 13817, 13789, 28
31090.001169, 9.999492, 12936, 12936, 0
31100.002165, 10.000996, 14281, 14281, 0
31110.001621, 9.999456, 16029, 16029, 0
31120.003709, 10.002088, 18027, 18027, 0
31130.001458, 9.997749, 14128, 14084, 44
31140.00673, 10.005272, 12993, 12914, 79
31150.001458, 9.994728, 14680, 14680, 0
31160.001341, 9.999883, 10923, 10904, 19
31170.002432, 10.001091, 13434, 13434, 0
31180.006195, 10.003763, 17971, 17930, 41
31190.001926, 9.995731, 14447, 14447, 0
31200.004091, 10.002165, 14905, 14905, 0
31210.002029, 9.997938, 16380, 16380, 0
31220.004288, 10.002259, 16838, 16838, 0
31230.004903, 10.000615, 14988, 14954, 34
31240.001211, 9.996308, 15874, 15846, 28
31250.001239, 10.000028, 16515, 16515, 0
31260.001186, 9.999947, 16017, 15990, 27
31270.002879, 10.001693, 15806, 15806, 0
31280.001613, 9.998734, 14084, 14051, 33
31290.004748, 10.003135, 17282, 17220, 62
31300.002594, 9.997846, 14091, 14091, 0
31310.002819, 10.000225, 15006, 15006, 0
31320.003353, 10.000534, 12839, 12820, 19
31330.001254, 9.997901, 15943, 15915, 28
31340.00411, 10.002856, 15415, 15415, 0
31350.001217, 9.997107, 14312, 14312, 0
31360.00116, 9.999943, 15710, 15710, 0
31370.00415, 10.00299, 16700, 16700, 0
31380.001226, 9.997076, 17351, 17351, 0
31390.004593, 10.003367, 15777, 15757, 20
31400.00121, 9.996617, 16614, 16614, 0
31410.004524, 10.003314, 15635, 15617, 18
31420.002288, 9.997764, 14122, 14046, 76
31430.001147, 9.998859, 14293, 14293, 0
31440.002629, 10.001482, 11136, 11118, 18
31450.001429, 9.9988, 15829, 15782, 47
31460.001172, 9.999743, 15851, 15851, 0
31470.001194, 10.000022, 12794, 12794, 0
31480.001161, 9.999967, 16866, 16866, 0
31490.001876, 10.000715, 17551, 17473, 78
31500.001196, 9.99932, 13082, 13082, 0
31510.001495, 10.000299, 10971, 10929, 42
31520.002693, 10.001198, 19408, 19365, 43
31530.00126, 9.998567, 15752, 15752, 0
31540.003184, 10.001924, 13454, 13411, 43
31550.004535, 10.001351, 16205, 16172, 33
31560.001185, 9.99665, 14597, 14597, 0
31570.001746, 10.000561, 14278, 14278, 0
31580.002263, 10.000517, 17085, 17085, 0
31590.001213, 9.99895, 15982, 15938, 44
31600.001174, 9.999961, 17250, 17194, 56
31610.001312, 10.000138, 13611, 13579, 32
31620.001181, 9.999869, 12964, 12964, 0
31630.001188, 10.000007, 13234, 13196, 38
31640.00138, 10.000192, 13663, 13663, 0
31650.0016, 10.00022, 12796, 12796, 0
31660.002501, 10.000901, 18392, 18392, 0
31670.002266, 9.999765, 15102, 15037, 65
31680.001406, 9.99914, 16505, 16448, 57
31690.001202, 9.999796, 13166, 13166, 0
31700.002757, 10.001555, 15818, 15751, 67
31710.005243, 10.002486, 16438, 16318, 120
31720.001163, 9.99592, 14190, 14190, 0
31730.003978, 10.002815, 9337, 9337, 0
31740.002468, 9.99849, 13868, 13868, 0
31750.004058, 10.00159, 15838, 15793, 45
31760.001218, 9.99716, 15068, 15068, 0
31770.002097, 10.000879, 14301, 14263, 38
31780.001504, 9.999407, 14050, 14015, 35
31790.002947, 10.001443, 14017, 14017, 0
31800.001643, 9.998696, 14892, 14892, 0
31810.001377, 9.999734, 12324, 12324, 0
31820.001166, 9.999789, 17201, 17201, 0
31830.00167, 10.000504, 18190, 18190, 0
31840.001277, 9.999607, 17526, 17488, 38
31850.001575, 10.000298, 17651, 17577, 74
31860.003222, 10.001647, 9346, 9346, 0
31870.00118, 9.997958, 19022, 19022, 0
31880.001222, 10.000042, 14702, 14666, 36
31890.001398, 10.000176, 15733, 15644, 89
31900.001186, 9.999788, 12647, 12647, 0
31910.001158, 9.999972, 15224, 15224, 0
31920.002364, 10.001206, 12208, 12208, 0
31930.001934, 9.99957, 19090, 19090, 0
31940.001155, 9.999221, 14044, 14044, 0
31950.001575, 10.00042, 15234, 15234, 0
31960.002602, 10.001027, 14673, 14673, 0
31970.001659, 9.999057, 14965, 14965, 0
31980.002256, 10.000597, 16354, 16354, 0
31990.001154, 9.998898, 16057, 16057, 0
32000.001151, 9.999997, 16657, 16582, 75
32010.001234, 10.000083, 13942, 13942, 0
32020.004777, 10.003543, 12493, 12493, 0
32030.00114, 9.996363, 17228, 17205, 23
32040.001794, 10.000654, 14724, 14723, 1
32050.002711, 10.000917, 14667, 14636, 31
32060.001292, 9.998581, 13261, 13239, 22
32070.002857, 10.001565, 14789, 14746, 43
32080.00143, 9.998573, 13976, 13935, 41
32090.001497, 10.000067, 12331, 12331, 0
32100.00147, 9.999973, 12727, 12727, 0
32110.002554, 10.001084, 15495, 15495, 0
32120.004352, 10.001798, 15407, 15375, 32
32130.001142, 9.99679, 16634, 16611, 23
32140.002567, 10.001425, 13623, 13509, 114
32150.001622, 9.999055, 14628, 14628, 0
32160.001159, 9.999537, 9692, 9692, 0
32170.00119, 10.000031, 12828, 12828, 0
32180.001301, 10.000111, 17292, 17251, 41
32190.001388, 10.000087, 15385, 15385, 0
32200.002497, 10.001109, 16969, 16969, 0
32210.003597, 10.0011, 16435, 16383, 52
32220.001379, 9.997782, 15617, 15617, 0
32230.001137, 9.999758, 13898, 13898, 0
32240.00143, 10.000293, 13628, 13590, 38
32250.004209, 10.002779, 14962, 14962, 0
32260.001204, 9.996995, 14390, 14390, 0
32270.002769, 10.001565, 14714, 14691, 23
32280.001998, 9.999229, 15123, 15070, 53
32290.001516, 9.999518, 14113, 14113, 0
32300.001187, 9.999671, 12182, 12182, 0
32310.001158, 9.999971, 15345, 15247, 98
32320.001166, 10.000008, 15281, 15281, 0
32330.004895, 10.003729, 13791, 13791, 0
32340.001945, 9.99705, 11531, 11531, 0
32350.001292, 9.999347, 15532, 15532, 0
32360.002806, 10.001514, 15924, 15924, 0
32370.001525, 9.998719, 13284, 13284, 0
32380.001556, 10.000031, 15571, 15571, 0
32390.001151, 9.999595, 12828, 12828, 0
32400.004333, 10.003182, 16841, 16841, 0
32410.001217, 9.996884, 15985, 15985, 0
32420.001295, 10.000078, 13690, 13643, 47
32430.001517, 10.000222, 15550, 15550, 0
32440.00268, 10.001163, 14671, 14671, 0
32450.001754, 9.999074, 12313, 12259, 54
32460.001593, 9.999839, 15476, 15476, 0
32470.010722, 10.009129, 15093, 15052, 41
32480.00119, 9.990468, 12025, 12025, 0
32490.001214, 10.000024, 13409, 13375, 34
32500.002279, 10.001065, 14030, 14030, 0
32510.001179, 9.9989, 14539, 14539, 0
32520.001797, 10.000618, 16312, 16221, 91
32530.003083, 10.001286, 14444, 14444, 0
32540.003382, 10.000299, 12087, 12087, 0
32550.001834, 9.998452, 11971, 11971, 0
32560.002068, 10.000234, 19063, 19063, 0
32570.003619, 10.001551, 16994, 16947, 47
32580.001261, 9.997642, 15130, 15130, 0
32590.002237, 10.000976, 14604, 14526, 78
32600.001521, 9.999284, 13573, 13573, 0
32610.001166, 9.999645, 10048, 10048, 0
32620.001809, 10.000643, 15174, 15174, 0
32630.001191, 9.999382, 14357, 14357, 0
32640.00114, 9.999949, 16338, 16338, 0
32650.001236, 10.000096, 15098, 15098, 0
32660.00167, 10.000434, 16686, 16686, 0
32670.002593, 10.000923, 16573, 16573, 0
32680.003274, 10.000681, 15039, 15039, 0
32690.002233, 9.998959, 19100, 19100, 0
32700.001139, 9.998906, 17077, 16874, 203
32710.002765, 10.001626, 14967, 14964, 3
32720.001163, 9.998398, 13012, 12965, 47
32730.001171, 10.000008, 6345, 6305, 40
32740.00146, 10.000289, 17929, 17929, 0
32750.001159, 9.999699, 9773, 9773, 0
32760.001211, 10.000052, 16816, 16816, 0
32770.007088, 10.005877, 14893, 14775, 118
32780.001137, 9.994049, 13400, 13400, 0
32790.001138, 10.000001, 12698, 12690, 8
32800.001253, 10.000115, 17566, 17467, 99
32810.001393, 10.00014, 16546, 16459, 87
32820.001549, 10.000156, 12958, 12958, 0
32830.001325, 9.999776, 5743, 5743, 0
32840.00116, 9.999835, 17651, 17604, 47
32850.003611, 10.002451, 11869, 11869, 0
32860.001198, 9.997587, 15356, 15356, 0
32870.001642, 10.000444, 14504, 14463, 41
32880.001222, 9.99958, 13233, 13233, 0
32890.009824, 10.008602, 14893, 14860, 33
32900.001419, 9.991595, 13812, 13812, 0
32910.001925, 10.000506, 15189, 15153, 36
32920.001932, 10.000007, 13412, 13412, 0
32930.001177, 9.999245, 13659, 13659, 0
32940.001377, 10.0002, 16889, 16882, 7
32950.002859, 10.001482, 14268, 14224, 44
32960.003294, 10.000435, 17214, 17214, 0
32970.001185, 9.997891, 16103, 16103, 0
32980.003991, 10.002806, 16104, 16069, 35
32990.001781, 9.99779, 15663, 15633, 30
33000.001161, 9.99938, 15067, 15067, 0
33010.001185, 10.000024, 16830, 16830, 0
33020.002193, 10.001008, 15585, 15386, 199
33030.0012, 9.999007, 14918, 14918, 0
33040.001614, 10.000414, 13273, 13273, 0
33050.001161, 9.999547, 12661, 12573, 88
33060.001297, 10.000136, 13069, 13069, 0
33070.001249, 9.999952, 15716, 15716, 0
33080.001164, 9.999915, 14247, 14247, 0
33090.002298, 10.001134, 15085, 14993, 92
33100.001132, 9.998834, 13435, 13435, 0
33110.001366, 10.000234, 14882, 14882, 0
33120.001613, 10.000247, 14490, 14459, 31
33130.004227, 10.002614, 13472, 13457, 15
33140.002288, 9.998061, 16574, 16574, 0
33150.002145, 9.999857, 17254, 17254, 0
33160.001184, 9.999039, 17382, 17380, 2
33170.00117, 9.999986, 14347, 14293, 54
33180.001203, 10.000033, 13875, 13874, 1
33190.001967, 10.000764, 15884, 15884, 0
33200.001355, 9.999388, 15772, 15669, 103
33210.001153, 9.999798, 16809, 16804, 5
33220.001763, 10.00061, 8771, 8771, 0
33230.001747, 9.999984, 16057, 16057, 0
33240.001319, 9.999572, 10719, 10702, 17
33250.00514, 10.003821, 16891, 16891, 0
33260.001379, 9.996239, 14874, 14874, 0
33270.002271, 10.000892, 16103, 16103, 0
33280.004589, 10.002318, 15764, 15738, 26
33290.003831, 9.999242, 13815, 13815, 0
33300.001147, 9.997316, 14754, 14754, 0
33310.001148, 10.000001, 15446, 15350, 96
33320.001151, 10.000003, 14915, 14915, 0
33330.001306, 10.000155, 13925, 13909, 16
33340.001149, 9.999843, 12904, 12904, 0
33350.001158, 10.000009, 15863, 15823, 40
33360.001866, 10.000708, 13679, 13654, 25
33370.001256, 9.99939, 13142, 13142, 0
33380.001199, 9.999943, 16839, 16839, 0
33390.005691, 10.004492, 16365, 16312, 53
33400.001144, 9.995453, 14642, 14601, 41
33410.003631, 10.002487, 12696, 12696, 0
33420.001149, 9.997518, 14688, 14648, 40
33430.003556, 10.002407, 18048, 18006, 42
33440.000622, 9.997066, 10692, 10692, 0
33450.001196, 10.000574, 16235, 16235, 0
33460.001528, 10.000332, 15777, 15742, 35
33470.005794, 10.004266, 14211, 14211, 0
33480.001858, 9.996064, 15877, 15846, 31
33490.001376, 9.999518, 14131, 14131, 0
33500.0026, 10.001224, 15727, 15681, 46
33510.001755, 9.999155, 14496, 14496, 0
33520.00165, 9.999895, 16135, 16097, 38
33530.001175, 9.999525, 15810, 15810, 0
33540.00378, 10.002605, 14529, 14441, 88
33550.00122, 9.99744, 13266, 13266, 0
33560.001197, 9.999977, 12162, 12162, 0
33570.001477, 10.00028, 16389, 16354, 35
33580.002252, 10.000775, 15844, 15844, 0
33590.001603, 9.999351, 13324, 13324, 0
33600.001322, 9.999719, 13993, 13993, 0
33610.001789, 10.000467, 14709, 14609, 100
33620.002181, 10.000392, 15044, 15029, 15
33630.001615, 9.999434, 12606, 12594, 12
33640.00241, 10.000795, 11927, 11899, 28
33650.002353, 9.999943, 15377, 15377, 0
33660.001156, 9.998803, 15298, 15298, 0
33670.001241, 10.000085, 13552, 13552, 0
33680.001359, 10.000118, 14051, 14051, 0
33690.001605, 10.000246, 13604, 13604, 0
33700.001316, 9.999711, 15598, 15598, 0
33710.001185, 9.999869, 16686, 16662, 24
33720.002624, 10.001439, 15323, 15282, 41
33730.001868, 9.999244, 14166, 14101, 65
33740.001223, 9.999355, 11078, 11078, 0
33750.004913, 10.00369, 14629, 14629, 0
33760.005507, 10.000594, 14733, 14733, 0
33770.001921, 9.996414, 16332, 16332, 0
33780.001216, 9.999295, 16862, 16831, 31
33790.001622, 10.000406, 14175, 14120, 55
33800.001152, 9.99953, 11966, 11966, 0
33810.00606, 10.004908, 13674, 13674, 0
33820.001995, 9.995935, 13116, 13109, 7
33830.001287, 9.999292, 15999, 15988, 11
33840.001207, 9.99992, 16744, 16744, 0
33850.001748, 10.000541, 16067, 16067, 0
33860.003167, 10.001419, 16263, 16222, 41
33870.003898, 10.000731, 15649, 15610, 39
33880.00124, 9.997342, 13115, 13086, 29
33890.005706, 10.004466, 15220, 15177, 43
33900.005537, 9.999831, 13582, 13582, 0
33910.00247, 9.996933, 18393, 18393, 0
33920.001961, 9.999491, 16574, 16573, 1
33930.001786, 9.999825, 16909, 16870, 39
33940.001187, 9.999401, 16340, 16254, 86
33950.001333, 10.000146, 14285, 14285, 0
33960.001215, 9.999882, 13662, 13662, 0
33970.001196, 9.999981, 14020, 14020, 0
33980.003076, 10.00188, 13986, 13951, 35
33990.001637, 9.998561, 14806, 14763, 43
34000.001825, 10.000188, 13043, 13043, 0
34010.001949, 10.000124, 16844, 16844, 0
34020.001492, 9.999543, 16010, 15961, 49
34030.001183, 9.999691, 14492, 14492, 0
34040.001299, 10.000116, 12627, 12627, 0
34050.001489, 10.00019, 13650, 13636, 14
34060.001997, 10.000508, 15969, 15931, 38
34070.001136, 9.999139, 13008, 13008, 0
34080.002704, 10.001568, 14114, 14114, 0
34090.001741, 9.999037, 14442, 14398, 44
34100.001181, 9.99944, 14569, 14569, 0
34110.00195, 10.000769, 16858, 16834, 24
34120.001488, 9.999538, 16276, 16276, 0
34130.001243, 9.999755, 15846, 15818, 28
34140.001206, 9.999963, 16476, 16476, 0
34150.001218, 10.000012, 15734, 15734, 0
34160.00132, 10.000102, 15535, 15502, 33
34170.002971, 10.001651, 14221, 14191, 30
34180.00122, 9.998249, 13977, 13935, 42
34190.008306, 10.007086, 16772, 16730, 42
34200.003073, 9.994767, 13912, 13892, 20
34210.002415, 9.999342, 14779, 14779, 0
34220.001562, 9.999147, 14811, 14805, 6
34230.001453, 9.999891, 16994, 16959, 35
34240.004482, 10.003029, 16675, 16675, 0
34250.001186, 9.996704, 17222, 17222, 0
34260.001549, 10.000363, 17156, 17156, 0
34270.002655, 10.001106, 15819, 15819, 0
34280.001171, 9.998516, 17484, 17484, 0
34290.001151, 9.99998, 17180, 17180, 0
34300.001811, 10.00066, 16241, 16228, 13
34310.001231, 9.99942, 14728, 14664, 64
34320.001206, 9.999975, 13878, 13878, 0
34330.001254, 10.000048, 15204, 15204, 0
34340.001138, 9.999884, 14023, 14023, 0
34350.001859, 10.000721, 16059, 16018, 41
34360.00169, 9.999831, 14013, 14011, 2
34370.001132, 9.999442, 15214, 15214, 0
34380.002608, 10.001476, 14643, 14570, 73
34390.00164, 9.999032, 16049, 16009, 40
34400.003125, 10.001485, 16670, 16670, 0
34410.002844, 9.999719, 16145, 16145, 0
34420.000204, 9.99736, 15997, 15997, 0
34430.002227, 10.002023, 16458, 16384, 74
34440.001199, 9.998972, 15208, 15208, 0
34450.001217, 10.000018, 14998, 14954, 44
34460.001187, 9.99997, 16650, 16650, 0
34470.001335, 10.000148, 15150, 15150, 0
34480.00128, 9.999945, 17091, 17049, 42
34490.005081, 10.003801, 15895, 15888, 7
34500.001285, 9.996204, 14321, 14321, 0
34510.00214, 10.000855, 15726, 15684, 42
34520.00123, 9.99909, 14873, 14873, 0
34530.0053, 10.00407, 17630, 17599, 31
34540.002556, 9.997256, 17853, 17787, 66
34550.002574, 10.000018, 13161, 13161, 0
34560.002787, 10.000213, 16270, 16270, 0
34570.001613, 9.998826, 12856, 12856, 0
34580.001887, 10.000274, 16968, 16957, 11
34590.003896, 10.002009, 17671, 17586, 85
34600.002135, 9.998239, 12871, 12871, 0
34610.001243, 9.999108, 17780, 17766, 14
34620.002086, 10.000843, 13255, 13157, 98
34630.001546, 9.99946, 16008, 15970, 38
34640.001964, 10.000418, 14700, 14700, 0
34650.001222, 9.999258, 13313, 13313, 0
34660.001155, 9.999933, 15847, 15847, 0
34670.001186, 10.000031, 15930, 15891, 39
34680.004138, 10.002952, 14540, 14540, 0
34690.001282, 9.997144, 13697, 13643, 54
34700.004088, 10.002806, 16396, 16241, 155
34710.002191, 9.998103, 16204, 16204, 0
34720.00126, 9.999069, 11189, 11186, 3
34730.001145, 9.999885, 11382, 11376, 6
34740.001212, 10.000067, 18756, 18756, 0
34750.003743, 10.002531, 13403, 13403, 0
34760.00123, 9.997487, 16972, 16972, 0
34770.001209, 9.999979, 16626, 16609, 17
34780.002534, 10.001325, 16177, 16135, 42
34790.00121, 9.998676, 14301, 14301, 0
34800.001199, 9.999989, 14187, 14187, 0
34810.001183, 9.999984, 15035, 14928, 107
34820.001822, 10.000639, 15800, 15800, 0
34830.002404, 10.000582, 13396, 13396, 0
34840.005762, 10.003358, 17711, 17711, 0
34850.001808, 9.996046, 17304, 17210, 94
34860.001792, 9.999984, 17272, 17272, 0
34870.003689, 10.001897, 13565, 13544, 21
34880.001129, 9.99744, 14383, 14355, 28
34890.00114, 10.000011, 14529, 14478, 51
34900.002646, 10.001506, 13683, 13683, 0
34910.000142, 9.997496, 17046, 17046, 0
34920.003516, 10.003374, 16036, 15991, 45
34930.001249, 9.997733, 15997, 15912, 85
34940.001138, 9.999889, 14123, 14123, 0
34950.001209, 10.000071, 12406, 12406, 0
34960.001993, 10.000784, 15351, 15351, 0
34970.001183, 9.99919, 17237, 17237, 0
34980.001206, 10.000023, 16207, 16207, 0
34990.001171, 9.999965, 15361, 15361, 0
35000.004654, 10.003483, 15800, 15747, 53
35010.001547, 9.996893, 17702, 17702, 0
35020.002189, 10.000642, 14137, 14111, 26
35030.003148, 10.000959, 16310, 16256, 54
35040.003488, 10.00034, 15900, 15900, 0
35050.001649, 9.998161, 15849, 15815, 34
35060.00117, 9.999521, 15126, 15017, 109
35070.001192, 10.000022, 12865, 12864, 1
35080.002669, 10.001477, 15951, 15951, 0
35090.001463, 9.998794, 13075, 13056, 19
35100.001381, 9.999918, 17817, 17758, 59
35110.002904, 10.001523, 18656, 18598, 58
35120.001471, 9.998567, 7878, 7878, 0
35130.007012, 10.005541, 15807, 15767, 40
35140.001168, 9.994156, 12776, 12741, 35
35150.001158, 9.99999, 14077, 14077, 0
35160.001427, 10.000269, 17483, 17432, 51
35170.001155, 9.999728, 15961, 15922, 39
35180.002862, 10.001707, 14046, 14004, 42
35190.001155, 9.998293, 12749, 12749, 0
35200.001329, 10.000174, 14405, 14405, 0
35210.0012, 9.999871, 14102, 14058, 44
35220.003322, 10.002122, 16765, 16758, 7
35230.001132, 9.99781, 11776, 11735, 41
35240.001156, 10.000024, 13800, 13800, 0
35250.001326, 10.00017, 13942, 13942, 0
35260.001173, 9.999847, 17707, 17707, 0
35270.005139, 10.003966, 14664, 14664, 0
35280.001188, 9.996049, 15774, 15774, 0
35290.001157, 9.999969, 14796, 14670, 126
35300.001849, 10.000692, 15175, 15137, 38
35310.001594, 9.999745, 13448, 13448, 0
35320.001906, 10.000312, 13100, 13100, 0
35330.003027, 10.001121, 18808, 18764, 44
35340.001168, 9.998141, 13614, 13567, 47
35350.007718, 10.00655, 16532, 16532, 0
35360.001162, 9.993444, 12751, 12713, 38
35370.003956, 10.002794, 14520, 14520, 0
35380.001402, 9.997446, 16595, 16595, 0
35390.001374, 9.999972, 13806, 13806, 0
35400.001864, 10.00049, 13745, 13718, 27
35410.001608, 9.999744, 14505, 14441, 64
35420.001328, 9.99972, 14679, 14679, 0
35430.001177, 9.999849, 14255, 14218, 37
35440.001135, 9.999958, 15552, 15526, 26
35450.001451, 10.000316, 14858, 14800, 58
35460.001216, 9.999765, 12622, 12622, 0
35470.001189, 9.999973, 13826, 13780, 46
35480.003063, 10.001874, 17822, 17767, 55
35490.001503, 9.99844, 11868, 11868, 0
35500.001201, 9.999698, 17165, 17165, 0
35510.003033, 10.001832, 14540, 14505, 35
35520.001138, 9.998105, 16545, 16512, 33
35530.001421, 10.000283, 11040, 11015, 25
35540.001381, 9.99996, 14956, 14919, 37
35550.002016, 10.000635, 16607, 16569, 38
35560.002894, 10.000878, 14094, 14094, 0
35570.002099, 9.999205, 14570, 14570, 0
35580.001169, 9.99907, 14532, 14532, 0
35590.001141, 9.999972, 16152, 16116, 36
35600.00118, 10.000039, 13207, 13207, 0
35610.001616, 10.000436, 17437, 17437, 0
35620.004759, 10.003143, 16098, 16098, 0
35630.001577, 9.996818, 18343, 18286, 57
35640.001509, 9.999932, 12340, 12340, 0
35650.005375, 10.003866, 15513, 15459, 54
35660.001226, 9.995851, 14612, 14553, 59
35670.002099, 10.000873, 14363, 14317, 46
35680.00847, 10.006371, 10784, 10743, 41
35690.001176, 9.992706, 13063, 13063, 0
35700.001206, 10.00003, 15533, 15451, 82
35710.001237, 10.000031, 14406, 14372, 34
35720.0027, 10.001463, 9389, 9389, 0
35730.001322, 9.998622, 16384, 16310, 74
35740.005718, 10.004396, 16256, 16210, 46
35750.001217, 9.995499, 10263, 10263, 0
35760.001209, 9.999992, 16871, 16871, 0
35770.001306, 10.000097, 15234, 15189, 45
35780.00226, 10.000954, 15826, 15826, 0
35790.00156, 9.9993, 12242, 12242, 0
35800.001133, 9.999573, 15935, 15935, 0
35810.001183, 10.00005, 15012, 14984, 28
35820.001141, 9.999958, 14361, 14361, 0
35830.009095, 10.007954, 15285, 15285, 0
35840.003077, 9.993982, 14345, 14293, 52
35850.002991, 9.999914, 16134, 16104, 30
35860.0032, 10.000209, 13844, 13844, 0
35870.001528, 9.998328, 16797, 16740, 57
35880.003457, 10.001929, 15074, 14990, 84
35890.001224, 9.997767, 9744, 9744, 0
35900.001982, 10.000758, 14001, 14001, 0
35910.001204, 9.999222, 11800, 11706, 94
35920.001251, 10.000047, 15309, 15309, 0
35930.001308, 10.000057, 17347, 17347, 0
35940.003094, 10.001786, 17079, 17079, 0
35950.001319, 9.998225, 14697, 14634, 63
35960.001164, 9.999845, 12391, 12383, 8
35970.001292, 10.000128, 15148, 15128, 20
35980.001152, 9.99986, 15236, 15193, 43
35990.001192, 10.00004, 15349, 15217, 132
36000.001361, 10.000169, 14112, 14112, 0
36010.001214, 9.999853, 9686, 9686, 0
36020.001786, 10.000572, 11802, 11802, 0
36030.001776, 9.99999, 15131, 15131, 0
36040.002792, 10.001016, 17451, 17451, 0
36050.001324, 9.998532, 15728, 15679, 49
36060.001235, 9.999911, 12909, 12870, 39
36070.003053, 10.001818, 16020, 15969, 51
36080.002545, 9.999492, 11350, 11350, 0
36090.001198, 9.998653, 15608, 15558, 50
36100.002915, 10.001717, 14634, 14634, 0
36110.002055, 9.99914, 15817, 15782, 35
36120.001438, 9.999383, 13686, 13656, 30
36130.004141, 10.002703, 12153, 12153, 0
36140.001355, 9.997214, 18395, 18346, 49
36150.001525, 10.00017, 17497, 17497, 0
36160.001989, 10.000464, 16552, 16552, 0
36170.002968, 10.000979, 15388, 15323, 65
36180.001577, 9.998609, 13210, 13210, 0
36190.002016, 10.000439, 10963, 10963, 0
36200.001289, 9.999273, 14837, 14837, 0
36210.001837, 10.000548, 15204, 15164, 40
36220.001417, 9.99958, 11554, 11554, 0
36230.003076, 10.001659, 14934, 14934, 0
36240.001615, 9.998539, 16509, 16470, 39
36250.001298, 9.999683, 12923, 12885, 38
36260.001226, 9.999928, 11341, 11341, 0
36270.00195, 10.000724, 12960, 12960, 0
36280.001997, 10.000047, 15790, 15758, 32
36290.001156, 9.999159, 13899, 13899, 0
36300.003346, 10.00219, 14192, 14160, 32
36310.001401, 9.998055, 14467, 14446, 21
36320.001182, 9.999781, 13590, 13463, 127
36330.00119, 10.000008, 17453, 17404, 49
36340.00117, 9.99998, 9410, 9410, 0
36350.001243, 10.000073, 12770, 12762, 8
36360.001182, 9.999939, 15482, 15442, 40
36370.001176, 9.999994, 14923, 14923, 0
36380.001228, 10.000052, 15460, 15460, 0
36390.001476, 10.000248, 15718, 15611, 107
36400.00288, 10.001404, 16299, 16299, 0
36410.002271, 9.999391, 8951, 8951, 0
36420.001215, 9.998944, 11812, 11810, 2
36430.001181, 9.999966, 15671, 15642, 29
36440.001349, 10.000168, 15526, 15499, 27
36450.001484, 10.000135, 16030, 16030, 0
36460.001254, 9.99977, 16710, 16600, 110
36470.001171, 9.999917, 12835, 12835, 0
36480.00277, 10.001599, 12061, 12061, 0
36490.001741, 9.998971, 16104, 16065, 39
36500.002, 10.000259, 17600, 17600, 0
36510.001667, 9.999667, 15491, 15491, 0
36520.001436, 9.999769, 15944, 15902, 42
36530.001537, 10.000101, 13098, 13098, 0
36540.004087, 10.00255, 14637, 14637, 0
36550.001221, 9.997134, 15985, 15985, 0
36560.00222, 10.000999, 14888, 14866, 22
36570.001455, 9.999235, 14138, 14138, 0
36580.002468, 10.001013, 15125, 15125, 0
36590.001209, 9.998741, 15369, 15339, 30
36600.001278, 10.000069, 13885, 13885, 0
36610.001132, 9.999854, 15478, 15442, 36
36620.002448, 10.001316, 17949, 17949, 0
36630.006344, 10.003896, 16681, 16600, 81
36640.001128, 9.994784, 12303, 12303, 0
36650.001651, 10.000523, 14565, 14518, 47
36660.001244, 9.999593, 14896, 14827, 69
36670.00141, 10.000166, 11374, 11354, 20
36680.002478, 10.001068, 14890, 14842, 48
36690.00136, 9.998882, 12501, 12501, 0
36700.002402, 10.001042, 13237, 13193, 44
36710.001516, 9.999114, 11945, 11944, 1
36720.001442, 9.999926, 16181, 16181, 0
36730.001276, 9.999834, 15716, 15678, 38
36740.001171, 9.999895, 15754, 15754, 0
36750.001139, 9.999968, 14230, 14230, 0
36760.001945, 10.000806, 14563, 14519, 44
36770.001146, 9.999201, 13789, 13789, 0
36780.001237, 10.000091, 14010, 14010, 0
36790.001474, 10.000237, 15629, 15629, 0
36800.00115, 9.999676, 14303, 14303, 0
36810.00732, 10.00617, 15943, 15943, 0
36820.001378, 9.994058, 14890, 14890, 0
36830.001134, 9.999756, 15352, 15310, 42
36840.003469, 10.002335, 16753, 16753, 0
36850.002861, 9.999392, 14481, 14481, 0
36860.002052, 9.999191, 18051, 18010, 41
36870.00115, 9.999098, 14557, 14557, 0
36880.001219, 10.000069, 15505, 15505, 0
36890.001263, 10.000044, 17688, 17681, 7
36900.001148, 9.999885, 14655, 14584, 71
36910.005483, 10.004335, 14729, 14646, 83
36920.001584, 9.996101, 14082, 14082, 0
36930.002462, 10.000878, 12737, 12737, 0
36940.006132, 10.00367, 12165, 12165, 0
36950.001537, 9.995405, 17919, 17919, 0
36960.002712, 10.001175, 16652, 16652, 0
36970.001343, 9.998631, 13932, 13932, 0
36980.004804, 10.003461, 15119, 15052, 67
36990.001208, 9.996404, 13193, 13190, 3
37000.001795, 10.000587, 14000, 13960, 40
37010.003465, 10.00167, 14577, 14577, 0
37020.003433, 9.999968, 17709, 17709, 0
37030.001179, 9.997746, 15093, 15093, 0
37040.002216, 10.001037, 15250, 15250, 0
37050.001188, 9.998972, 16434, 16434, 0
37060.002004, 10.000816, 16523, 16523, 0
37070.001416, 9.999412, 15743, 15697, 46
37080.001253, 9.999837, 17075, 17038, 37
37090.001189, 9.999936, 14631, 14578, 53
37100.00128, 10.000091, 15623, 15553, 70
37110.001133, 9.999853, 16479, 16472, 7
37120.003324, 10.002191, 9568, 9568, 0
37130.001293, 9.997969, 16652, 16652, 0
37140.001994, 10.000701, 15716, 15634, 82
37150.002668, 10.000674, 14934, 14906, 28
37160.001185, 9.998517, 15945, 15945, 0
37170.003461, 10.002276, 10456, 10456, 0
37180.002477, 9.999016, 16415, 16415, 0
37190.001324, 9.998847, 17201, 17143, 58
37200.00121, 9.999886, 15615, 15573, 42
37210.001189, 9.999979, 15341, 15341, 0
37220.001609, 10.00042, 16974, 16974, 0
37230.002543, 10.000934, 18902, 18902, 0
37240.001213, 9.99867, 16415, 16415, 0
37250.001192, 9.999979, 14525, 14479, 46
37260.001528, 10.000336, 16352, 16274, 78
37270.002751, 10.001223, 16239, 16239, 0
37280.001139, 9.998388, 9518, 9518, 0
37290.00489, 10.003751, 14968, 14920, 48
37300.001273, 9.996383, 17170, 17120, 50
37310.002664, 10.001391, 17108, 17058, 50
37320.003145, 10.000481, 14479, 14479, 0
37330.001229, 9.998084, 13310, 13310, 0
37340.001455, 10.000226, 17414, 17380, 34
37350.001585, 10.00013, 14586, 14586, 0
37360.002738, 10.001153, 16225, 16225, 0
37370.001706, 9.998968, 14525, 14486, 39
37380.001779, 10.000073, 15852, 15852, 0
37390.001224, 9.999445, 15495, 15452, 43
37400.001282, 10.000058, 14499, 14499, 0
37410.003199, 10.001917, 14811, 14716, 95
37420.001363, 9.998164, 15086, 15056, 30
37430.002074, 10.000711, 10179, 10179, 0
37440.001557, 9.999483, 14585, 14585, 0
37450.001924, 10.000367, 13442, 13415, 27
37460.001243, 9.999319, 16747, 16747, 0
37470.002177, 10.000934, 16107, 16107, 0
37480.001245, 9.999068, 15080, 15044, 36
37490.003336, 10.002091, 16075, 16075, 0
37500.001251, 9.997915, 16427, 16427, 0
37510.001965, 10.000714, 14109, 14081, 28
37520.004262, 10.002297, 15487, 15429, 58
37530.001141, 9.996879, 12890, 12874, 16
37540.001362, 10.000221, 17143, 17143, 0
37550.002048, 10.000686, 14442, 14442, 0
37560.00191, 9.999862, 17985, 17985, 0
37570.002219, 10.000309, 16027, 16027, 0
37580.001395, 9.999176, 16907, 16907, 0
37590.001444, 10.000049, 19756, 19756, 0
37600.002005, 10.000561, 16187, 16187, 0
37610.002976, 10.000971, 17386, 17386, 0
37620.002595, 9.999619, 14776, 14776, 0
37630.00118, 9.998585, 16687, 16687, 0
37640.002098, 10.000918, 17549, 17549, 0
37650.001386, 9.999288, 16629, 16468, 161
37660.004526, 10.00314, 15413, 15413, 0
37670.001531, 9.997005, 10744, 10744, 0
37680.003937, 10.002406, 15736, 15662, 74
37690.003301, 9.999364, 15503, 15503, 0
37700.001856, 9.998555, 10498, 10498, 0
37710.001183, 9.999327, 12828, 12828, 0
37720.001777, 10.000594, 13934, 13890, 44
37730.001267, 9.99949, 13112, 13112, 0
37740.00118, 9.999913, 13903, 13903, 0
37750.00121, 10.00003, 15888, 15869, 19
37760.001318, 10.000108, 17640, 17613, 27
37770.003218, 10.0019, 15196, 15196, 0
37780.001517, 9.998299, 16310, 16310, 0
37790.001334, 9.999817, 15389, 15389, 0
37800.001253, 9.999919, 15013, 14965, 48
37810.002082, 10.000829, 14669, 14631, 38
37820.001186, 9.999104, 12844, 12844, 0
37830.005124, 10.003938, 14850, 14830, 20
37840.001282, 9.996158, 16520, 16520, 0
37850.001177, 9.999895, 15567, 15529, 38
37860.001426, 10.000249, 16018, 15972, 46
37870.001172, 9.999746, 13442, 13442, 0
37880.001156, 9.999984, 15193, 15173, 20
37890.003129, 10.001973, 16688, 16631, 57
37900.001153, 9.998024, 12801, 12728, 73
37910.001279, 10.000126, 15062, 15062, 0
37920.001826, 10.000547, 13154, 13154, 0
37930.001238, 9.999412, 15549, 15549, 0
37940.002733, 10.001495, 16266, 16266, 0
37950.002365, 9.999632, 15472, 15387, 85
37960.002945, 10.00058, 14073, 14073, 0
37970.003398, 10.000453, 16443, 16443, 0
37980.001346, 9.997948, 14652, 14541, 111
37990.002655, 10.001309, 12948, 12948, 0
38000.001523, 9.998868, 15378, 15378, 0
38010.002658, 10.001135, 13086, 13086, 0
38020.00122, 9.998562, 16040, 15992, 48
38030.005743, 10.004523, 13403, 13403, 0
38040.001364, 9.995621, 14587, 14587, 0
38050.001605, 10.000241, 12870, 12850, 20
38060.001179, 9.999574, 16389, 16389, 0
38070.004785, 10.003606, 14311, 14311, 0
38080.001256, 9.996471, 15232, 15232, 0
38090.001715, 10.000459, 14809, 14809, 0
38100.003165, 10.00145, 15792, 15792, 0
38110.001248, 9.998083, 14651, 14616, 35
38120.001221, 9.999973, 15191, 15191, 0
38130.001473, 10.000252, 15479, 15414, 65
38140.001628, 10.000155, 17360, 17353, 7
38150.001778, 10.00015, 11319, 11319, 0
38160.001207, 9.999429, 10534, 10534, 0
38170.001176, 9.999969, 17275, 17244, 31
38180.001208, 10.000032, 12941, 12941, 0
38190.001589, 10.000381, 15814, 15814, 0
38200.004694, 10.003105, 11663, 11647, 16
38210.003211, 9.998517, 14745, 14745, 0
38220.002569, 9.999358, 16464, 16430, 34
38230.002017, 9.999448, 16508, 16508, 0
38240.004621, 10.002604, 15928, 15807, 121
38250.001284, 9.996663, 14807, 14764, 43
38260.003004, 10.00172, 13498, 13492, 6
38270.001198, 9.998194, 13824, 13824, 0
38280.005808, 10.00461, 13972, 13972, 0
38290.002748, 9.99694, 17907, 17877, 30
38300.001875, 9.999127, 12759, 12759, 0
38310.001211, 9.999336, 16064, 16064, 0
38320.003355, 10.002144, 16290, 16290, 0
38330.001185, 9.99783, 16948, 16948, 0
38340.001254, 10.000069, 17060, 17020, 40
38350.002696, 10.001442, 14242, 14202, 40
38360.001285, 9.998589, 15793, 15793, 0
38370.00191, 10.000625, 12023, 11993, 30
38380.001318, 9.999408, 13009, 12938, 71
38390.00283, 10.001512, 12278, 12278, 0
38400.00151, 9.99868, 12823, 12819, 4
38410.002039, 10.000529, 18306, 18306, 0
38420.002168, 10.000129, 16336, 16336, 0
38430.002163, 9.999995, 17192, 17192, 0
38440.001613, 9.99945, 19296, 19296, 0
38450.001419, 9.999806, 16253, 16238, 15
38460.001267, 9.999848, 15426, 15347, 79
38470.001271, 10.000004, 15076, 15053, 23
38480.004596, 10.003325, 10990, 10936, 54
38490.004136, 9.99954, 13730, 13696, 34
38500.001805, 9.997669, 18319, 18319, 0
38510.001338, 9.999533, 14180, 14105, 75
38520.008278, 10.00694, 16201, 16107, 94
38530.001161, 9.992883, 14673, 14673, 0
38540.004256, 10.003095, 12267, 12267, 0
38550.001178, 9.996922, 12479, 12479, 0
38560.001422, 10.000244, 16630, 16630, 0
38570.001328, 9.999906, 17008, 17008, 0
38580.001289, 9.999961, 15989, 15959, 30
38590.001237, 9.999948, 14519, 14519, 0
38600.001539, 10.000302, 11563, 11563, 0
38610.002511, 10.000972, 15796, 15751, 45
38620.001289, 9.998778, 16420, 16420, 0
38630.00154, 10.000251, 15071, 15071, 0
38640.001835, 10.000295, 16234, 16234, 0
38650.001181, 9.999346, 17259, 17218, 41
38660.00243, 10.001249, 16875, 16835, 40
38670.00122, 9.99879, 14125, 14090, 35
38680.00154, 10.00032, 16949, 16934, 15
38690.001178, 9.999638, 15644, 15634, 10
38700.001194, 10.000016, 12707, 12707, 0
38710.001151, 9.999957, 17923, 17923, 0
38720.001922, 10.000771, 16772, 16734, 38
38730.001476, 9.999554, 14357, 14357, 0
38740.001475, 9.999999, 16779, 16779, 0
38750.001131, 9.999656, 15628, 15627, 1
38760.002126, 10.000995, 15882, 15826, 56
38770.001896, 9.99977, 16564, 16564, 0
38780.002569, 10.000673, 15285, 15254, 31
38790.002207, 9.999638, 13014, 12934, 80
38800.001265, 9.999058, 15745, 15684, 61
38810.001453, 10.000188, 14079, 14079, 0
38820.001267, 9.999814, 15513, 15513, 0
38830.004436, 10.003169, 14948, 14915, 33
38840.001189, 9.996753, 15472, 15472, 0
38850.003425, 10.002236, 18386, 18379, 7
38860.001613, 9.998188, 15352, 15263, 89
38870.005223, 10.00361, 15076, 15076, 0
38880.001872, 9.996649, 19007, 19007, 0
38890.004655, 10.002783, 15901, 15901, 0
38900.001166, 9.996511, 16397, 16397, 0
38910.003147, 10.001981, 17303, 17303, 0
38920.001219, 9.998072, 14965, 14939, 26
38930.002957, 10.001738, 16378, 16251, 127
38940.001312, 9.998355, 13633, 13623, 10
38950.002807, 10.001495, 13346, 13329, 17
38960.001384, 9.998577, 13350, 13329, 21
38970.00122, 9.999836, 10419, 10398, 21
38980.001213, 9.999993, 14220, 14220, 0
38990.002189, 10.000976, 18991, 18991, 0
39000.001555, 9.999366, 16380, 16380, 0
39010.005972, 10.004417, 15124, 15071, 53
39020.001319, 9.995347, 15710, 15710, 0
39030.001193, 9.999874, 13766, 13725, 41
39040.002735, 10.001542, 16761, 16761, 0
39050.00153, 9.998795, 15780, 15709, 71
39060.001147, 9.999617, 13772, 13772, 0
39070.003405, 10.002258, 12745, 12745, 0
39080.001201, 9.997796, 16524, 16524, 0
39090.00579, 10.004589, 17415, 17348, 67
39100.003836, 9.998046, 12838, 12805, 33
39110.00472, 10.000884, 14692, 14691, 1
39120.003945, 9.999225, 15437, 15437, 0
39130.000263, 9.996318, 15577, 15400, 177
39140.001885, 10.001622, 15779, 15777, 2
39150.001146, 9.999261, 10198, 10198, 0
39160.001148, 10.000002, 11063, 11063, 0
39170.001472, 10.000324, 17838, 17804, 34
39180.001862, 10.00039, 18833, 18833, 0
39190.001197, 9.999335, 14470, 14470, 0
39200.001607, 10.00041, 15887, 15830, 57
39210.001264, 9.999657, 17124, 17124, 0
39220.001148, 9.999884, 14927, 14927, 0
39230.001194, 10.000046, 14542, 14542, 0
39240.003083, 10.001889, 17132, 17076, 56
39250.002833, 9.99975, 12575, 12575, 0
39260.002628, 9.999795, 15136, 15115, 21
39270.003859, 10.001231, 15379, 15379, 0
39280.002564, 9.998705, 15316, 15316, 0
39290.006084, 10.00352, 18578, 18578, 0
39300.002446, 9.996362, 15836, 15734, 102
39310.001665, 9.999219, 14388, 14388, 0
39320.0013, 9.999635, 10706, 10706, 0
39330.003086, 10.001786, 11136, 11110, 26
39340.00204, 9.998954, 15683, 15646, 37
39350.002998, 10.000958, 10822, 10822, 0
39360.001276, 9.998278, 14494, 14494, 0
39370.001206, 9.99993, 15810, 15810, 0
39380.002178, 10.000972, 16127, 16078, 49
39390.001616, 9.999438, 17065, 17065, 0
39400.001133, 9.999517, 14893, 14893, 0
39410.00179, 10.000657, 13545, 13520, 25
39420.001178, 9.999388, 15504, 15504, 0
39430.001217, 10.000039, 16157, 16157, 0
39440.001189, 9.999972, 15202, 15075, 127
39450.00294, 10.001751, 15699, 15699, 0
39460.001156, 9.998216, 13159, 13159, 0
39470.003908, 10.002752, 14524, 14524, 0
39480.001655, 9.997747, 16268, 16202, 66
39490.001173, 9.999518, 17503, 17503, 0
39500.001469, 10.000296, 11805, 11790, 15
39510.001273, 9.999804, 15016, 14945, 71
39520.007766, 10.006493, 17093, 17093, 0
39530.001433, 9.993667, 15501, 15501, 0
39540.001255, 9.999822, 13901, 13901, 0
39550.001251, 9.999996, 13969, 13969, 0
39560.001431, 10.00018, 17188, 17188, 0
39570.002079, 10.000648, 16922, 16878, 44
39580.000151, 9.998072, 13612, 13469, 143
39590.001618, 10.001467, 15263, 15263, 0
39600.001737, 10.000119, 10688, 10688, 0
39610.001429, 9.999692, 17313, 17313, 0
39620.001284, 9.999855, 13281, 13211, 70
39630.004452, 10.003168, 16898, 16898, 0
39640.004431, 9.999979, 12540, 12532, 8
39650.001858, 9.997427, 13743, 13743, 0
39660.001268, 9.99941, 15270, 15270, 0
39670.001295, 10.000027, 15383, 15383, 0
39680.001236, 9.999941, 15493, 15455, 38
39690.004359, 10.003123, 14601, 14531, 70
39700.001321, 9.996962, 14561, 14561, 0
39710.004232, 10.002911, 13152, 13152, 0
39720.001508, 9.997276, 14443, 14414, 29
39730.002381, 10.000873, 16011, 16011, 0
39740.002086, 9.999705, 16643, 16620, 23
39750.003631, 10.001545, 17359, 17321, 38
39760.002916, 9.999285, 16800, 16800, 0
39770.001494, 9.998578, 16239, 16204, 35
39780.001143, 9.999649, 15684, 15684, 0
39790.001185, 10.000042, 13313, 13259, 54
39800.004583, 10.003398, 14495, 14456, 39
39810.000185, 9.995602, 13237, 13237, 0
39820.002248, 10.002063, 11421, 11421, 0
39830.001128, 9.99888, 15041, 15041, 0
39840.00392, 10.002792, 14227, 14182, 45
39850.00144, 9.99752, 14914, 14914, 0
39860.001198, 9.999758, 11901, 11876, 25
39870.003889, 10.002691, 17151, 17151, 0
39880.001333, 9.997444, 16079, 16057, 22
39890.001799, 10.000466, 15157, 15127, 30
39900.00119, 9.999391, 12893, 12893, 0
39910.001155, 9.999965, 17876, 17792, 84
39920.001601, 10.000446, 16175, 16141, 34
39930.001439, 9.999838, 11446, 11446, 0
39940.003305, 10.001866, 16850, 16850, 0
39950.004921, 10.001616, 14744, 14737, 7
39960.001409, 9.996488, 16203, 16203, 0
39970.003449, 10.00204, 19271, 19209, 62
39980.001239, 9.99779, 16172, 16172, 0
39990.00131, 10.000071, 17598, 17598, 0
40000.001487, 10.000177, 14408, 14394, 14
40010.002372, 10.000885, 16426, 16426, 0
40020.001197, 9.998825, 17656, 17560, 96
40030.001611, 10.000414, 14587, 14541, 46
40040.001502, 9.999891, 13060, 13060, 0
40050.001763, 10.000261, 12223, 12223, 0
40060.008372, 10.006609, 15908, 15908, 0
40070.001281, 9.992909, 16703, 16669, 34
40080.003212, 10.001931, 16163, 16163, 0
40090.002098, 9.998886, 13900, 13848, 52
40100.001353, 9.999255, 13767, 13755, 12
40110.00122, 9.999867, 14083, 14048, 35
40120.001196, 9.999976, 15304, 15304, 0
40130.002009, 10.000813, 16481, 16481, 0
40140.002031, 10.000022, 15982, 15863, 119
40150.002, 9.999969, 15566, 15566, 0
40160.001223, 9.999223, 12693, 12650, 43
40170.001233, 10.00001, 15984, 15938, 46
40180.001225, 9.999992, 13469, 13469, 0
40190.003657, 10.002432, 18991, 18991, 0
40200.001417, 9.99776, 18198, 18198, 0
40210.00134, 9.999923, 15148, 15112, 36
40220.001225, 9.999885, 17966, 17966, 0
40230.00374, 10.002515, 15831, 15831, 0
40240.001178, 9.997438, 16885, 16813, 72
40250.00129, 10.000112, 15992, 15949, 43
40260.001167, 9.999877, 11799, 11799, 0
40270.001689, 10.000522, 17463, 17404, 59
40280.002925, 10.001236, 15917, 15785, 132
40290.001148, 9.998223, 16467, 16467, 0
40300.001209, 10.000061, 7353, 7353, 0
40310.001214, 10.000005, 17633, 17587, 46
40320.002501, 10.001287, 14866, 14824, 42
40330.001207, 9.998706, 17309, 17309, 0
40340.004822, 10.003615, 14896, 14873, 23
40350.002609, 9.997787, 17588, 17533, 55
40360.00115, 9.998541, 17810, 17757, 53
40370.001406, 10.000256, 14443, 14443, 0
40380.001821, 10.000415, 10785, 10755, 30
40390.001198, 9.999377, 17667, 17618, 49
40400.001132, 9.999934, 15920, 15920, 0
40410.001457, 10.000325, 14161, 14112, 49
40420.001152, 9.999695, 16077, 16077, 0
40430.001378, 10.000226, 16615, 16615, 0
40440.001221, 9.999843, 17392, 17392, 0
40450.006041, 10.00482, 16202, 16202, 0
40460.00229, 9.996249, 15783, 15755, 28
40470.001859, 9.999569, 16852, 16804, 48
40480.001341, 9.999482, 13400, 13400, 0
40490.001257, 9.999916, 14487, 14457, 30
40500.002466, 10.001209, 16667, 16599, 68
40510.001178, 9.998712, 17231, 17231, 0
40520.001504, 10.000326, 15300, 15261, 39
40530.002821, 10.001317, 17487, 17487, 0
40540.000309, 9.997488, 14952, 14870, 82
40550.001605, 10.001296, 17863, 17863, 0
40560.00138, 9.999775, 10351, 10325, 26
40570.002098, 10.000718, 11656, 11606, 50
40580.001707, 9.999609, 15008, 14972, 36
40590.001174, 9.999467, 17744, 17706, 38
40600.001417, 10.000243, 16768, 16768, 0
40610.001268, 9.999851, 11858, 11858, 0
40620.001208, 9.99994, 14257, 14220, 37
40630.002936, 10.001728, 17130, 17041, 89
40640.001221, 9.998285, 13082, 13067, 15
40650.003036, 10.001815, 16868, 16824, 44
40660.001158, 9.998122, 11789, 11789, 0
40670.004096, 10.002938, 14797, 14743, 54
40680.001178, 9.997082, 17221, 17172, 49
40690.002086, 10.000908, 11799, 11790, 9
40700.014292, 10.012206, 13314, 13253, 61
40710.002226, 9.987934, 17004, 16926, 78
40720.010356, 10.00813, 11973, 11973, 0
40730.001267, 9.990911, 13809, 13809, 0
40740.002417, 10.00115, 15114, 15083, 31
40750.00123, 9.998813, 17242, 17208, 34
40760.001142, 9.999912, 18030, 17990, 40
40770.002901, 10.001759, 11731, 11717, 14
40780.001176, 9.998275, 14444, 14403, 41
40790.002849, 10.001673, 15482, 15482, 0
40800.002406, 9.999557, 16804, 16804, 0
40810.001547, 9.999141, 16549, 16501, 48
40820.001584, 10.000037, 16622, 16574, 48
40830.001787, 10.000203, 16410, 16410, 0
40840.001189, 9.999402, 13778, 13719, 59
40850.001356, 10.000167, 12319, 12289, 30
40860.001182, 9.999826, 12967, 12967, 0
40870.00221, 10.001028, 12633, 12633, 0
40880.001165, 9.998955, 15594, 15594, 0
40890.001647, 10.000482, 15926, 15926, 0
40900.004789, 10.003142, 15088, 15088, 0
40910.001702, 9.996913, 16227, 16147, 80
40920.001662, 9.99996, 14130, 14130, 0
40930.003313, 10.001651, 13038, 13038, 0
40940.001298, 9.997985, 15389, 15389, 0
40950.001412, 10.000114, 18994, 18903, 91
40960.001798, 10.000386, 15930, 15870, 60
40970.002451, 10.000653, 11638, 11572, 66
40980.001222, 9.998771, 17135, 17135, 0
40990.001164, 9.999942, 12021, 11984, 37
41000.001221, 10.000057, 14879, 14879, 0
41010.001344, 10.000123, 15362, 15362, 0
41020.00155, 10.000206, 16470, 16398, 72
41030.001578, 10.000028, 13784, 13725, 59
41040.001218, 9.99964, 14818, 14818, 0
41050.001694, 10.000476, 13944, 13944, 0
41060.003335, 10.001641, 18119, 18084, 35
41070.003831, 10.000496, 14990, 14990, 0
41080.003038, 9.999207, 15988, 15986, 2
41090.002831, 9.999793, 16172, 16131, 41
41100.003718, 10.000887, 12745, 12702, 43
41110.001377, 9.997659, 9033, 9033, 0
41120.003478, 10.002101, 16970, 16970, 0
41130.003433, 9.999955, 18276, 18227, 49
41140.001201, 9.997768, 16217, 16217, 0
41150.001578, 10.000377, 17982, 17982, 0
41160.001197, 9.999619, 16852, 16852, 0
41170.00142, 10.000223, 16655, 16602, 53
41180.00116, 9.99974, 13757, 13717, 40
41190.001196, 10.000036, 15376, 15376, 0
41200.001608, 10.000412, 15146, 15116, 30
41210.001189, 9.999581, 15970, 15921, 49
41220.001216, 10.000027, 13335, 13335, 0
41230.002801, 10.001585, 17916, 17792, 124
41240.001194, 9.998393, 14000, 14000, 0
41250.001163, 9.999969, 14619, 14577, 42
41260.001244, 10.000081, 15466, 15466, 0
41270.001312, 10.000068, 13801, 13801, 0
41280.002339, 10.001027, 16777, 16749, 28
41290.001239, 9.9989, 15348, 15348, 0
41300.001395, 10.000156, 16596, 16596, 0
41310.004179, 10.002784, 16832, 16753, 79
41320.0054, 10.001221, 13753, 13724, 29
41330.001248, 9.995848, 14824, 14762, 62
41340.002223, 10.000975, 11092, 11081, 11
41350.001362, 9.999139, 16917, 16917, 0
41360.004197, 10.002835, 14243, 14194, 49
41370.000121, 9.995924, 13582, 13582, 0
41380.002463, 10.002342, 12934, 12934, 0
41390.003419, 10.000956, 17027, 16968, 59
41400.002713, 9.999294, 17009, 17009, 0
41410.006136, 10.003423, 14887, 14887, 0
41420.002641, 9.996505, 16682, 16682, 0
41430.001289, 9.998648, 15392, 15365, 27
41440.003318, 10.002029, 16651, 16601, 50
41450.001182, 9.997864, 14395, 14395, 0
41460.00116, 9.999978, 13403, 13378, 25
41470.001924, 10.000764, 19409, 19409, 0
41480.005443, 10.003519, 13812, 13779, 33
41490.001397, 9.995954, 15820, 15820, 0
41500.001215, 9.999818, 14304, 14263, 41
41510.001426, 10.000211, 14837, 14797, 40
41520.001511, 10.000085, 13943, 13943, 0
41530.001217, 9.999706, 17905, 17827, 78
41540.002763, 10.001546, 15049, 15035, 14
41550.001427, 9.998664, 14642, 14596, 46
41560.001867, 10.00044, 13473, 13473, 0
41570.0016, 9.999733, 18787, 18787, 0
41580.001659, 10.000059, 15847, 15800, 47
41590.00122, 9.999561, 16532, 16495, 37
41600.002566, 10.001346, 14441, 14323, 118
41610.001193, 9.998627, 16132, 16069, 63
41620.001238, 10.000045, 14532, 14532, 0
41630.006399, 10.005161, 12555, 12554, 1
41640.00117, 9.994771, 13968, 13967, 1
41650.001974, 10.000804, 18368, 18349, 19
41660.001405, 9.999431, 16074, 16004, 70
41670.001388, 9.999983, 16733, 16653, 80
41680.002841, 10.001453, 16914, 16865, 49
41690.001213, 9.998372, 8004, 8004, 0
41700.001207, 9.999994, 11693, 11661, 32
41710.001729, 10.000522, 16319, 16319, 0
41720.006334, 10.004605, 17525, 17456, 69
41730.001382, 9.995048, 18701, 18701, 0
41740.001212, 9.99983, 15300, 15261, 39
41750.001424, 10.000212, 14251, 14193, 58
41760.001197, 9.999773, 14144, 14109, 35
41770.001237, 10.00004, 12624, 12624, 0
41780.002837, 10.0016, 14730, 14730, 0
41790.001819, 9.998982, 15082, 15082, 0
41800.003716, 10.001897, 18209, 18209, 0
41810.00194, 9.998224, 18473, 18473, 0
41820.001261, 9.999321, 15891, 15841, 50
41830.001308, 10.000047, 15871, 15789, 82
41840.001542, 10.000234, 13325, 13325, 0
41850.001704, 10.000162, 12198, 12198, 0
41860.00116, 9.999456, 18746, 18699, 47
41870.003844, 10.002684, 16086, 16041, 45
41880.001212, 9.997368, 13299, 13232, 67
41890.003152, 10.00194, 13004, 13004, 0
41900.001205, 9.998053, 14532, 14499, 33
41910.001471, 10.000266, 10121, 10121, 0
41920.001639, 10.000168, 13912, 13912, 0
41930.004455, 10.002816, 14782, 14734, 48
41940.003471, 9.999016, 17331, 17331, 0
41950.004709, 10.001238, 13160, 13160, 0
41960.00438, 9.999671, 13727, 13695, 32
41970.001186, 9.996806, 17401, 17365, 36
41980.001587, 10.000401, 15847, 15801, 46
41990.001166, 9.999579, 16200, 16111, 89
42000.00438, 10.003214, 16675, 16675, 0
42010.001822, 9.997442, 9188, 9171, 17
42020.002064, 10.000242, 17726, 17726, 0
42030.00025, 9.998186, 10948, 10903, 45
42040.004594, 10.004344, 17600, 17507, 93
42050.001258, 9.996664, 10385, 10385, 0
42060.00208, 10.000822, 15043, 14973, 70
42070.000186, 9.998106, 17277, 17227, 50
42080.001206, 10.00102, 12193, 12179, 14
42090.001155, 9.999949, 15943, 15916, 27
42100.001367, 10.000212, 12761, 12751, 10
42110.002478, 10.001111, 15459, 15459, 0
42120.002712, 10.000234, 18396, 18396, 0
42130.001279, 9.998567, 17475, 17427, 48
42140.001447, 10.000168, 13567, 13567, 0
42150.001603, 10.000156, 17526, 17495, 31
42160.001881, 10.000278, 13906, 13906, 0
42170.001296, 9.999415, 15254, 15118, 136
42180.001994, 10.000698, 14007, 13986, 21
42190.001334, 9.99934, 11919, 11871, 48
42200.002832, 10.001498, 14864, 14841, 23
42210.001214, 9.998382, 16805, 16765, 40
42220.001148, 9.999934, 15383, 15383, 0
42230.001199, 10.000051, 14738, 14738, 0
42240.001957, 10.000758, 15936, 15936, 0
42250.00474, 10.002783, 16693, 16572, 121
42260.001369, 9.996629, 16241, 16241, 0
42270.001579, 10.00021, 12377, 12352, 25
42280.002313, 10.000734, 16344, 16304, 40
42290.002664, 10.000351, 15223, 15223, 0
42300.001224, 9.99856, 12894, 12894, 0
42310.001654, 10.00043, 12588, 12546, 42
42320.001144, 9.99949, 16467, 16464, 3
42330.001603, 10.000459, 16365, 16355, 10
42340.001162, 9.999559, 15598, 15598, 0
42350.001169, 10.000007, 14842, 14809, 33
42360.001144, 9.999975, 13119, 13119, 0
42370.002, 10.000856, 15022, 15022, 0
42380.001222, 9.999222, 17157, 17157, 0
42390.001142, 9.99992, 15357, 15341, 16
42400.001463, 10.000321, 15947, 15830, 117
42410.003776, 10.002313, 17552, 17504, 48
42420.001243, 9.997467, 9968, 9941, 27
42430.002624, 10.001381, 11791, 11791, 0
42440.002264, 9.99964, 17376, 17376, 0
42450.002025, 9.999761, 16678, 16678, 0
42460.003394, 10.001369, 16238, 16202, 36
42470.001472, 9.998078, 16142, 16141, 1
42480.001894, 10.000422, 17208, 17179, 29
42490.001224, 9.99933, 15625, 15540, 85
42500.006029, 10.004805, 12928, 12884, 44
42510.001181, 9.995152, 11973, 11973, 0
42520.002086, 10.000905, 17574, 17522, 52
42530.001188, 9.999102, 15767, 15767, 0
42540.001172, 9.999984, 16443, 16443, 0
42550.001186, 10.000014, 15992, 15941, 51
42560.001243, 10.000057, 15932, 15908, 24
42570.001225, 9.999982, 15201, 15156, 45
42580.001627, 10.000402, 15138, 15138, 0
42590.001165, 9.999538, 9890, 9890, 0
42600.001544, 10.000379, 15474, 15474, 0
42610.001534, 9.99999, 15948, 15879, 69
42620.001937, 10.000403, 16397, 16395, 2
42630.001486, 9.999549, 12480, 12456, 24
42640.001318, 9.999832, 15751, 15718, 33
42650.002898, 10.00158, 13376, 13376, 0
42660.001261, 9.998363, 15241, 15071, 170
42670.001176, 9.999915, 15853, 15422, 431
42680.001543, 10.000367, 11073, 10800, 273
42690.001195, 9.999652, 11255, 10996, 259
42700.002272, 10.001077, 17584, 17170, 414
42710.001236, 9.998964, 11296, 11039, 257
42720.004542, 10.003306, 7362, 7193, 169
42730.001614, 9.997072, 14537, 14169, 368
42740.001134, 9.99952, 13410, 13089, 321
42750.002128, 10.000994, 14011, 13690, 321
42760.001219, 9.999091, 13784, 13474, 310
42770.001348, 10.000129, 11610, 11347, 263
42780.00191, 10.000562, 13069, 12774, 295
42790.001214, 9.999304, 11009, 10729, 280
42800.003998, 10.002784, 13831, 13519, 312
42810.002653, 9.998655, 13332, 13024, 308
42820.001889, 9.999236, 15795, 15421, 374
42830.0012, 9.999311, 9072, 8760, 312
42840.00142, 10.00022, 13064, 12744, 320
42850.001408, 9.999988, 12866, 12557, 309
42860.001914, 10.000506, 6560, 6389, 171
42870.001186, 9.999272, 19272, 18816, 456
42880.001148, 9.999962, 12803, 12497, 306
42890.001136, 9.999988, 16000, 15570, 430
42900.001323, 10.000187, 10259, 10003, 256
42910.001166, 9.999843, 10186, 9927, 259
42920.004837, 10.003671, 13964, 13639, 325
42930.002597, 9.99776, 14321, 13924, 397
42940.001881, 9.999284, 8499, 8311, 188
42950.001185, 9.999304, 8367, 8177, 190
42960.00119, 10.000005, 14747, 14395, 352
42970.001432, 10.000242, 10459, 10187, 272
42980.001921, 10.000489, 17892, 17511, 381
42990.001187, 9.999266, 12276, 11986, 290
43000.001899, 10.000712, 4668, 4572, 96
43010.00263, 10.000731, 18715, 18287, 428
43020.001215, 9.998585, 12186, 11866, 320
43030.001241, 10.000026, 12768, 12448, 320
43040.00191, 10.000669, 19951, 19516, 435
43050.001337, 9.999427, 10893, 10623, 270
43060.004186, 10.002849, 16115, 15744, 371
43070.004044, 9.999858, 18728, 18297, 431
43080.001205, 9.997161, 6930, 6771, 159
43090.001141, 9.999936, 16599, 16228, 371
43100.001168, 10.000027, 14697, 14266, 431
43110.001712, 10.000544, 7742, 7529, 213
43120.001173, 9.999461, 16693, 16220, 473
43130.001191, 10.000018, 13280, 12950, 330
43140.00261, 10.001419, 9012, 8811, 201
43150.001706, 9.999096, 15738, 15381, 357
43160.001162, 9.999456, 14530, 14191, 339
43170.001652, 10.00049, 5929, 5795, 134
43180.001782, 10.00013, 19174, 18741, 433
43190.001158, 9.999376, 10210, 9964, 246
43200.00207, 10.000912, 11909, 11625, 284
43201.0353, 1.03323, 2154, 2107, 47
