elapsed, window, total, successful, failed
10.001613, 10.001613, 21063, 21063, 0
20.000737, 9.999124, 23588, 23503, 85
30.002786, 10.002049, 21790, 21790, 0
40.001695, 9.998909, 22782, 22782, 0
50.006185, 10.00449, 22865, 22865, 0
60.001876, 9.995691, 21578, 21578, 0
70.002071, 10.000195, 22321, 22321, 0
80.004083, 10.002012, 23241, 23241, 0
90.003089, 9.999006, 24095, 24095, 0
100.003959, 10.00087, 23763, 23763, 0
110.009538, 10.005579, 23879, 23879, 0
120.002448, 9.99291, 23468, 23468, 0
130.002554, 10.000106, 23259, 23259, 0
140.001165, 9.998611, 23441, 23441, 0
150.002406, 10.001241, 23640, 23542, 98
160.004694, 10.002288, 23236, 23236, 0
170.002, 9.997306, 23547, 23547, 0
180.003986, 10.001986, 23869, 23869, 0
190.005854, 10.001868, 22829, 22829, 0
200.0087, 10.002846, 24074, 24074, 0
210.008387, 9.999687, 24158, 24045, 113
220.005198, 9.996811, 23971, 23971, 0
230.000817, 9.995619, 23087, 23087, 0
240.003785, 10.002968, 23210, 23210, 0
250.003217, 9.999432, 23017, 23017, 0
260.000727, 9.99751, 23646, 23646, 0
270.003117, 10.00239, 24004, 24004, 0
280.002854, 9.999737, 24074, 24074, 0
290.003619, 10.000765, 23907, 23907, 0
300.00083, 9.997211, 22993, 22993, 0
310.002219, 10.001389, 23448, 23448, 0
320.003187, 10.000968, 23196, 23196, 0
330.003155, 9.999968, 23996, 23996, 0
340.001799, 9.998644, 23519, 23519, 0
350.00249, 10.000691, 22706, 22706, 0
360.001292, 9.998802, 23559, 23559, 0
370.002249, 10.000957, 24437, 24437, 0
380.000844, 9.998595, 24527, 24527, 0
390.005319, 10.004475, 24055, 24055, 0
400.00405, 9.998731, 22964, 22964, 0
410.004374, 10.000324, 23893, 23893, 0
420.000707, 9.996333, 23676, 23676, 0
430.003929, 10.003222, 23654, 23654, 0
440.001465, 9.997536, 24181, 24181, 0
450.002808, 10.001343, 22722, 22722, 0
460.00101, 9.998202, 23138, 23138, 0
470.003204, 10.002194, 24091, 24091, 0
480.003763, 10.000559, 24185, 24185, 0
490.000898, 9.997135, 23890, 23890, 0
500.002168, 10.00127, 23689, 23689, 0
510.003089, 10.000921, 20318, 20318, 0
520.000849, 9.99776, 23227, 23227, 0
530.002132, 10.001283, 22805, 22805, 0
540.001954, 9.999822, 23986, 23986, 0
550.003308, 10.001354, 21729, 21729, 0
560.003624, 10.000316, 22930, 22930, 0
570.002803, 9.999179, 24117, 24117, 0
580.000711, 9.997908, 23569, 23569, 0
590.005853, 10.005142, 23714, 23549, 165
600.003156, 9.997303, 23932, 23932, 0
610.002965, 9.999809, 20406, 20406, 0
620.005523, 10.002558, 23504, 23504, 0
630.001617, 9.996094, 23736, 23736, 0
640.002274, 10.000657, 23249, 23249, 0
650.004865, 10.002591, 21929, 21929, 0
660.001556, 9.996691, 21855, 21855, 0
670.00378, 10.002224, 22493, 22493, 0
680.002803, 9.999023, 22917, 22917, 0
690.004465, 10.001662, 22921, 22921, 0
700.003381, 9.998916, 24136, 24136, 0
710.003949, 10.000568, 23979, 23979, 0
720.000959, 9.99701, 21110, 21110, 0
730.003041, 10.002082, 22831, 22831, 0
740.00213, 9.999089, 21735, 21735, 0
750.001477, 9.999347, 21815, 21815, 0
760.003332, 10.001855, 21486, 21486, 0
770.003224, 9.999892, 20915, 20915, 0
780.002529, 9.999305, 21154, 21154, 0
790.004246, 10.001717, 20844, 20844, 0
800.002482, 9.998236, 20180, 20180, 0
810.000795, 9.998313, 19595, 19595, 0
820.001709, 10.000914, 17889, 17889, 0
830.001908, 10.000199, 16931, 16931, 0
840.002545, 10.000637, 16601, 16601, 0
850.000756, 9.998211, 15580, 15580, 0
860.003658, 10.002902, 16684, 16684, 0
870.0017, 9.998042, 17118, 17118, 0
880.003967, 10.002267, 16630, 16630, 0
890.002157, 9.99819, 18318, 18318, 0
900.006107, 10.00395, 17184, 17184, 0
910.003884, 9.997777, 15730, 15730, 0
920.0034, 9.999516, 15827, 15827, 0
930.002103, 9.998703, 16560, 16560, 0
940.003723, 10.00162, 16175, 16175, 0
950.000828, 9.997105, 16999, 16999, 0
960.002003, 10.001175, 16655, 16655, 0
970.003876, 10.001873, 14682, 14682, 0
980.001258, 9.997382, 16437, 16437, 0
990.001437, 10.000179, 17051, 17051, 0
1000.001488, 10.000051, 15701, 15701, 0
1010.000887, 9.999399, 16065, 16065, 0
1020.001897, 10.00101, 16148, 16148, 0
1030.001852, 9.999955, 16708, 16708, 0
1040.002118, 10.000266, 18171, 18171, 0
1050.004369, 10.002251, 18505, 18505, 0
1060.00264, 9.998271, 17201, 17201, 0
1070.003304, 10.000664, 16729, 16729, 0
1080.001028, 9.997724, 15652, 15652, 0
1090.00202, 10.000992, 18332, 18332, 0
1100.001696, 9.999676, 16387, 16387, 0
1110.002141, 10.000445, 16177, 16177, 0
1120.001033, 9.998892, 15727, 15727, 0
1130.002402, 10.001369, 18005, 18005, 0
1140.000977, 9.998575, 16558, 16558, 0
1150.001732, 10.000755, 16939, 16939, 0
1160.001846, 10.000114, 17015, 17015, 0
1170.002592, 10.000746, 16907, 16907, 0
1180.001701, 9.999109, 16041, 16041, 0
1190.001731, 10.00003, 16614, 16614, 0
1200.001785, 10.000054, 16524, 16524, 0
1210.001744, 9.999959, 15657, 15657, 0
1220.001893, 10.000149, 18103, 18103, 0
1230.002918, 10.001025, 14796, 14796, 0
1240.000749, 9.997831, 16136, 16136, 0
1250.003882, 10.003133, 17508, 17508, 0
1260.001753, 9.997871, 15387, 15387, 0
1270.001955, 10.000202, 16713, 16713, 0
1280.001703, 9.999748, 13367, 13277, 90
1290.00176, 10.000057, 12869, 12869, 0
1300.001879, 10.000119, 16907, 16907, 0
1310.004326, 10.002447, 17157, 17157, 0
1320.003732, 9.999406, 12229, 12229, 0
1330.001791, 9.998059, 15314, 15314, 0
1340.001794, 10.000003, 15943, 15943, 0
1350.0018, 10.000006, 15730, 15730, 0
1360.003441, 10.001641, 14589, 14589, 0
1370.000828, 9.997387, 12605, 12605, 0
1380.001738, 10.00091, 16910, 16910, 0
1390.003719, 10.001981, 14372, 14372, 0
1400.000779, 9.99706, 15212, 15212, 0
1410.004701, 10.003922, 13865, 13865, 0
1420.001358, 9.996657, 15857, 15857, 0
1430.001194, 9.999836, 15561, 15561, 0
1440.001776, 10.000582, 15986, 15986, 0
1450.001693, 9.999917, 13800, 13800, 0
1460.001752, 10.000059, 14671, 14671, 0
1470.002657, 10.000905, 16320, 16320, 0
1480.001513, 9.998856, 18797, 18797, 0
1490.001166, 9.999653, 16453, 16453, 0
1500.000706, 9.99954, 16206, 16206, 0
1510.002504, 10.001798, 14972, 14972, 0
1520.002283, 9.999779, 16730, 16730, 0
1530.001946, 9.999663, 15561, 15561, 0
1540.003248, 10.001302, 15676, 15676, 0
1550.001143, 9.997895, 15567, 15567, 0
1560.003076, 10.001933, 15893, 15893, 0
1570.002272, 9.999196, 13534, 13534, 0
1580.000713, 9.998441, 11447, 11447, 0
1590.005683, 10.00497, 13651, 13651, 0
1600.000695, 9.995012, 14893, 14893, 0
1610.001883, 10.001188, 15297, 15296, 1
1620.002092, 10.000209, 14339, 14338, 1
1630.000904, 9.998812, 14432, 14432, 0
1640.001782, 10.000878, 15314, 15314, 0
1650.00171, 9.999928, 17286, 17286, 0
1660.002511, 10.000801, 12990, 12990, 0
1670.002533, 10.000022, 15012, 15012, 0
1680.001672, 9.999139, 13497, 13497, 0
1690.00118, 9.999508, 14159, 14159, 0
1700.000758, 9.999578, 13255, 13255, 0
1710.0017, 10.000942, 13662, 13662, 0
1720.001945, 10.000245, 14790, 14790, 0
1730.001691, 9.999746, 12783, 12783, 0
1740.001765, 10.000074, 13447, 13447, 0
1750.005842, 10.004077, 15100, 15100, 0
1760.003193, 9.997351, 16720, 16720, 0
1770.00073, 9.997537, 15958, 15958, 0
1780.001686, 10.000956, 15657, 15657, 0
1790.003703, 10.002017, 15306, 15305, 1
1800.002854, 9.999151, 14816, 14816, 0
1810.000745, 9.997891, 15396, 15396, 0
1820.002785, 10.00204, 14811, 14811, 0
1830.002068, 9.999283, 16785, 16785, 0
1840.00126, 9.999192, 15296, 15296, 0
1850.000814, 9.999554, 16062, 16062, 0
1860.001755, 10.000941, 14514, 14514, 0
1870.001697, 9.999942, 14620, 14620, 0
1880.001885, 10.000188, 15241, 15241, 0
1890.00206, 10.000175, 14007, 14007, 0
1900.001103, 9.999043, 14602, 14602, 0
1910.000772, 9.999669, 15123, 15123, 0
1920.001917, 10.001145, 14800, 14800, 0
1930.002549, 10.000632, 11707, 11707, 0
1940.001351, 9.998802, 14710, 14710, 0
1950.000717, 9.999366, 13619, 13619, 0
1960.001888, 10.001171, 11219, 11219, 0
1970.002308, 10.00042, 13264, 13264, 0
1980.000769, 9.998461, 10787, 10787, 0
1990.003062, 10.002293, 10699, 10699, 0
2000.00232, 9.999258, 14113, 14113, 0
2010.004186, 10.001866, 14034, 14034, 0
2020.000757, 9.996571, 12528, 12528, 0
2030.002206, 10.001449, 14118, 14118, 0
2040.001131, 9.998925, 12883, 12883, 0
2050.001214, 10.000083, 14373, 14331, 42
2060.002131, 10.000917, 12112, 12052, 60
2070.000828, 9.998697, 13351, 13351, 0
2080.002246, 10.001418, 13691, 13691, 0
2090.000957, 9.998711, 12776, 12776, 0
2100.001765, 10.000808, 14105, 14105, 0
2110.002351, 10.000586, 12147, 12147, 0
2120.000717, 9.998366, 11238, 11238, 0
2130.001745, 10.001028, 12089, 12089, 0
2140.002485, 10.00074, 8177, 8177, 0
2150.000859, 9.998374, 13560, 13560, 0
2160.001707, 10.000848, 13752, 13752, 0
2170.001705, 9.999998, 12126, 12126, 0
2180.001833, 10.000128, 11694, 11694, 0
2190.001826, 9.999993, 11441, 11441, 0
2200.001803, 9.999977, 11883, 11883, 0
2210.002111, 10.000308, 12256, 12256, 0
2220.000801, 9.99869, 11367, 11367, 0
2230.001817, 10.001016, 10843, 10843, 0
2240.001761, 9.999944, 12703, 12703, 0
2250.001707, 9.999946, 12356, 12356, 0
2260.001677, 9.99997, 11020, 11020, 0
2270.001843, 10.000166, 14321, 14321, 0
2280.001719, 9.999876, 12001, 12001, 0
2290.001691, 9.999972, 14140, 14140, 0
2300.002038, 10.000347, 12658, 12658, 0
2310.001797, 9.999759, 10433, 10433, 0
2320.002785, 10.000988, 12539, 12539, 0
2330.000722, 9.997937, 10925, 10925, 0
2340.002306, 10.001584, 10818, 10818, 0
2350.000741, 9.998435, 10914, 10914, 0
2360.001705, 10.000964, 11004, 11004, 0
2370.001949, 10.000244, 12905, 12905, 0
2380.002168, 10.000219, 11763, 11763, 0
2390.000744, 9.998576, 10914, 10914, 0
2400.001942, 10.001198, 11470, 11470, 0
2410.001915, 9.999973, 10985, 10985, 0
2420.003558, 10.001643, 11558, 11558, 0
2430.001311, 9.997753, 11461, 11461, 0
2440.000792, 9.999481, 9707, 9707, 0
2450.001805, 10.001013, 11491, 11491, 0
2460.001801, 9.999996, 11824, 11824, 0
2470.002127, 10.000326, 11310, 11310, 0
2480.002904, 10.000777, 10853, 10853, 0
2490.002037, 9.999133, 12064, 12064, 0
2500.002033, 9.999996, 11057, 11057, 0
2510.002799, 10.000766, 9994, 9994, 0
2520.000736, 9.997937, 11091, 11091, 0
2530.002701, 10.001965, 12651, 12651, 0
2540.002829, 10.000128, 12431, 12431, 0
2550.002382, 9.999553, 11818, 11818, 0
2560.000722, 9.99834, 10652, 10652, 0
2570.001882, 10.00116, 10957, 10957, 0
2580.001717, 9.999835, 11506, 11506, 0
2590.001824, 10.000107, 12136, 12136, 0
2600.001758, 9.999934, 12402, 12402, 0
2610.001724, 9.999966, 11358, 11358, 0
2620.003012, 10.001288, 10796, 10796, 0
2630.001263, 9.998251, 11006, 11006, 0
2640.001466, 10.000203, 11339, 11339, 0
2650.002728, 10.001262, 14352, 14352, 0
2660.001751, 9.999023, 12813, 12813, 0
2670.003196, 10.001445, 11322, 11322, 0
2680.000854, 9.997658, 10870, 10870, 0
2690.001806, 10.000952, 12030, 12030, 0
2700.002813, 10.001007, 11695, 11695, 0
2710.001743, 9.99893, 10510, 10510, 0
2720.001868, 10.000125, 12064, 12064, 0
2730.003176, 10.001308, 9788, 9788, 0
2740.000941, 9.997765, 11073, 11073, 0
2750.005565, 10.004624, 12402, 12402, 0
2760.001449, 9.995884, 11065, 11065, 0
2770.001009, 9.99956, 11033, 11033, 0
2780.001761, 10.000752, 11883, 11883, 0
2790.001702, 9.999941, 11453, 11453, 0
2800.007708, 10.006006, 12301, 12301, 0
2810.002571, 9.994863, 11058, 11058, 0
2820.000786, 9.998215, 10903, 10903, 0
2830.003058, 10.002272, 11243, 11243, 0
2840.001774, 9.998716, 10786, 10786, 0
2850.001684, 9.99991, 11597, 11597, 0
2860.001786, 10.000102, 10611, 10611, 0
2870.001773, 9.999987, 10929, 10929, 0
2880.001746, 9.999973, 11506, 11506, 0
2890.001777, 10.000031, 11628, 11627, 1
2900.002736, 10.000959, 12813, 12813, 0
2910.001753, 9.999017, 10764, 10764, 0
2920.002417, 10.000664, 11149, 11149, 0
2930.001043, 9.998626, 10775, 10775, 0
2940.004901, 10.003858, 10827, 10827, 0
2950.001714, 9.996813, 10409, 10409, 0
2960.002415, 10.000701, 10387, 10387, 0
2970.000756, 9.998341, 10670, 10670, 0
2980.001963, 10.001207, 11122, 11122, 0
2990.008691, 10.006728, 11315, 11315, 0
3000.001765, 9.993074, 10851, 10851, 0
3010.001931, 10.000166, 10473, 10473, 0
3020.003267, 10.001336, 9707, 9707, 0
3030.001883, 9.998616, 9926, 9926, 0
3040.003094, 10.001211, 9693, 9693, 0
3050.000767, 9.997673, 9827, 9827, 0
3060.001733, 10.000966, 10213, 10213, 0
3070.002543, 10.00081, 10032, 10032, 0
3080.00077, 9.998227, 10086, 10086, 0
3090.001747, 10.000977, 10914, 10914, 0
3100.002147, 10.0004, 11801, 11801, 0
3110.00079, 9.998643, 10416, 10415, 1
3120.001764, 10.000974, 11158, 11158, 0
3130.00178, 10.000016, 8788, 8788, 0
3140.001711, 9.999931, 9823, 9823, 0
3150.005851, 10.00414, 9107, 9107, 0
3160.000784, 9.994933, 9136, 9136, 0
3170.001779, 10.000995, 9359, 9359, 0
3180.001887, 10.000108, 10442, 10442, 0
3190.003059, 10.001172, 10933, 10933, 0
3200.000761, 9.997702, 9353, 9353, 0
3210.001744, 10.000983, 10948, 10948, 0
3220.001704, 9.99996, 9572, 9572, 0
3230.002085, 10.000381, 10053, 10053, 0
3240.000743, 9.998658, 10764, 10764, 0
3250.001842, 10.001099, 10703, 10703, 0
3260.001788, 9.999946, 11119, 11119, 0
3270.001828, 10.00004, 9741, 9741, 0
3280.002751, 10.000923, 10093, 10093, 0
3290.001895, 9.999144, 11663, 11663, 0
3300.001745, 9.99985, 9691, 9691, 0
3310.001688, 9.999943, 8516, 8516, 0
3320.001765, 10.000077, 9124, 9124, 0
3330.001725, 9.99996, 9882, 9882, 0
3340.001688, 9.999963, 8561, 8561, 0
3350.002027, 10.000339, 8719, 8719, 0
3360.001776, 9.999749, 8548, 8548, 0
3370.002198, 10.000422, 10734, 10734, 0
3380.000773, 9.998575, 8555, 8555, 0
3390.002113, 10.00134, 9909, 9909, 0
3400.000743, 9.99863, 9395, 9395, 0
3410.002461, 10.001718, 9474, 9474, 0
3420.00072, 9.998259, 10129, 10129, 0
3430.002373, 10.001653, 9625, 9625, 0
3440.00078, 9.998407, 9499, 9499, 0
3450.001936, 10.001156, 10104, 10104, 0
3460.001727, 9.999791, 9031, 9031, 0
3470.001784, 10.000057, 9125, 9125, 0
3480.00199, 10.000206, 9779, 9779, 0
3490.002477, 10.000487, 11109, 11109, 0
3500.001776, 9.999299, 8666, 8666, 0
3510.003866, 10.00209, 8826, 8826, 0
3520.0007, 9.996834, 9879, 9879, 0
3530.001776, 10.001076, 8573, 8573, 0
3540.002334, 10.000558, 10382, 10382, 0
3550.000689, 9.998355, 9468, 9468, 0
3560.001732, 10.001043, 8575, 8575, 0
3570.00173, 9.999998, 10934, 10934, 0
3580.001735, 10.000005, 9605, 9605, 0
3590.001733, 9.999998, 10731, 10731, 0
3600.001732, 9.999999, 10109, 10109, 0
3601.023018, 1.021286, 1514, 1514, 0
