elapsed, window, total, successful, failed
10.000364, 10.000364, 356, 352, 4
20.001364, 10.001, 409, 404, 5
30.001362, 9.999998, 460, 454, 6
40.001356, 9.999994, 372, 365, 7
50.001363, 10.000007, 397, 385, 12
60.001365, 10.000002, 382, 375, 7
70.001357, 9.999992, 387, 380, 7
80.001374, 10.000017, 337, 332, 5
90.001359, 9.999985, 410, 402, 8
100.001363, 10.000004, 403, 398, 5
110.001365, 10.000002, 357, 352, 5
120.001347, 9.999982, 378, 372, 6
130.001362, 10.000015, 405, 396, 9
140.001355, 9.999993, 380, 374, 6
150.001365, 10.00001, 368, 362, 6
160.001363, 9.999998, 384, 381, 3
170.001355, 9.999992, 401, 397, 4
180.001366, 10.000011, 325, 320, 5
190.001368, 10.000002, 335, 330, 5
200.001377, 10.000009, 376, 373, 3
210.001349, 9.999972, 340, 333, 7
220.001344, 9.999995, 368, 364, 4
230.001349, 10.000005, 362, 359, 3
240.001347, 9.999998, 425, 420, 5
250.001356, 10.000009, 336, 327, 9
260.001347, 9.999991, 346, 342, 4
270.001349, 10.000002, 358, 352, 6
280.001346, 9.999997, 375, 365, 10
290.001346, 10.0, 409, 400, 9
300.001286, 9.99994, 364, 361, 3
310.00136, 10.000074, 371, 366, 5
320.001357, 9.999997, 327, 324, 3
330.001345, 9.999988, 360, 355, 5
340.001876, 10.000531, 375, 371, 4
350.001958, 10.000082, 316, 311, 5
360.001941, 9.999983, 333, 327, 6
370.001736, 9.999795, 460, 453, 7
380.001728, 9.999992, 320, 318, 2
390.001772, 10.000044, 350, 341, 9
400.001879, 10.000107, 382, 378, 4
410.001855, 9.999976, 343, 339, 4
420.001888, 10.000033, 336, 327, 9
430.001817, 9.999929, 351, 343, 8
440.001696, 9.999879, 354, 347, 7
450.001736, 10.00004, 364, 357, 7
460.001552, 9.999816, 346, 342, 4
470.001631, 10.000079, 370, 366, 4
480.001541, 9.99991, 360, 354, 6
490.001598, 10.000057, 381, 373, 8
500.001633, 10.000035, 348, 346, 2
510.001684, 10.000051, 383, 376, 7
520.001742, 10.000058, 396, 387, 9
530.001733, 9.999991, 315, 313, 2
540.001787, 10.000054, 375, 373, 2
550.001731, 9.999944, 401, 395, 6
560.001607, 9.999876, 340, 332, 8
570.001517, 9.99991, 398, 394, 4
580.001718, 10.000201, 330, 321, 9
590.001703, 9.999985, 345, 343, 2
600.001678, 9.999975, 373, 371, 2
610.001675, 9.999997, 332, 328, 4
620.001557, 9.999882, 300, 294, 6
630.001493, 9.999936, 318, 312, 6
640.001626, 10.000133, 336, 331, 5
650.001628, 10.000002, 342, 338, 4
660.00159, 9.999962, 363, 360, 3
670.001296, 9.999706, 351, 343, 8
680.001439, 10.000143, 339, 335, 4
690.001441, 10.000002, 338, 335, 3
700.00149, 10.000049, 387, 383, 4
710.001434, 9.999944, 388, 387, 1
720.001354, 9.99992, 327, 323, 4
730.001502, 10.000148, 407, 405, 2
740.00153, 10.000028, 365, 361, 4
750.001624, 10.000094, 370, 366, 4
760.001574, 9.99995, 324, 320, 4
770.001449, 9.999875, 338, 333, 5
780.001443, 9.999994, 312, 310, 2
790.001457, 10.000014, 390, 388, 2
800.001499, 10.000042, 379, 375, 4
810.001562, 10.000063, 347, 343, 4
820.00132, 9.999758, 361, 355, 6
830.001474, 10.000154, 398, 393, 5
840.001379, 9.999905, 315, 306, 9
850.001495, 10.000116, 331, 326, 5
860.001387, 9.999892, 355, 351, 4
870.001351, 9.999964, 334, 326, 8
880.001355, 10.000004, 381, 377, 4
890.001536, 10.000181, 378, 374, 4
900.001356, 9.99982, 362, 355, 7
910.001356, 10.0, 339, 335, 4
920.001343, 9.999987, 304, 302, 2
930.002433, 10.00109, 362, 357, 5
940.002421, 9.999988, 399, 394, 5
950.002268, 9.999847, 347, 343, 4
960.002268, 10.0, 321, 319, 2
970.002444, 10.000176, 364, 358, 6
980.002407, 9.999963, 330, 326, 4
990.0025, 10.000093, 363, 360, 3
1000.002499, 9.999999, 305, 302, 3
1010.002465, 9.999966, 397, 395, 2
1020.002325, 9.99986, 379, 375, 4
1030.002404, 10.000079, 362, 357, 5
1040.002319, 9.999915, 345, 341, 4
1050.00156, 9.999241, 151, 142, 9
1060.001481, 9.999921, 332, 328, 4
1070.002326, 10.000845, 392, 386, 6
1080.001747, 9.999421, 408, 404, 4
1090.002366, 10.000619, 362, 360, 2
1100.00233, 9.999964, 294, 293, 1
1110.002049, 9.999719, 359, 353, 6
1120.001341, 9.999292, 393, 386, 7
1130.002332, 10.000991, 411, 409, 2
1140.002302, 9.99997, 349, 345, 4
1150.001771, 9.999469, 422, 419, 3
1160.002301, 10.00053, 361, 358, 3
1170.002317, 10.000016, 367, 364, 3
1180.001929, 9.999612, 351, 350, 1
1190.001723, 9.999794, 359, 358, 1
1200.001871, 10.000148, 425, 418, 7
1210.001934, 10.000063, 355, 350, 5
1220.001872, 9.999938, 334, 329, 5
1230.00188, 10.000008, 313, 309, 4
1240.001801, 9.999921, 387, 382, 5
1250.001724, 9.999923, 280, 278, 2
1260.001714, 9.99999, 384, 382, 2
1270.001837, 10.000123, 350, 343, 7
1280.001741, 9.999904, 356, 355, 1
1290.001946, 10.000205, 328, 324, 4
1300.001963, 10.000017, 300, 296, 4
1310.0018, 9.999837, 372, 365, 7
1320.0018, 10.0, 381, 378, 3
1330.001876, 10.000076, 306, 301, 5
1340.001976, 10.0001, 362, 356, 6
1350.001907, 9.999931, 346, 340, 6
1360.001898, 9.999991, 336, 330, 6
1370.001746, 9.999848, 347, 343, 4
1380.001762, 10.000016, 378, 377, 1
1390.001782, 10.00002, 360, 354, 6
1400.001807, 10.000025, 354, 353, 1
1410.001778, 9.999971, 379, 369, 10
1420.001752, 9.999974, 346, 343, 3
1430.001574, 9.999822, 397, 393, 4
1440.001696, 10.000122, 349, 340, 9
1450.001633, 9.999937, 349, 342, 7
1460.001635, 10.000002, 333, 329, 4
1470.001619, 9.999984, 383, 381, 2
1480.00181, 10.000191, 335, 333, 2
1490.001673, 9.999863, 383, 378, 5
1500.001667, 9.999994, 367, 364, 3
1510.001632, 9.999965, 315, 312, 3
1520.001776, 10.000144, 372, 365, 7
1530.001735, 9.999959, 384, 378, 6
1540.001764, 10.000029, 374, 370, 4
1550.001497, 9.999733, 343, 342, 1
1560.001622, 10.000125, 320, 319, 1
1570.001695, 10.000073, 340, 339, 1
1580.001699, 10.000004, 406, 399, 7
1590.001742, 10.000043, 338, 337, 1
1600.001714, 9.999972, 342, 339, 3
1610.001517, 9.999803, 360, 355, 5
1620.001525, 10.000008, 421, 418, 3
1630.001738, 10.000213, 322, 314, 8
1640.001619, 9.999881, 351, 349, 2
1650.001717, 10.000098, 394, 390, 4
1660.001702, 9.999985, 356, 355, 1
1670.001512, 9.99981, 396, 391, 5
1680.001506, 9.999994, 324, 323, 1
1690.001442, 9.999936, 361, 354, 7
1700.001544, 10.000102, 312, 310, 2
1710.001627, 10.000083, 326, 324, 2
1720.00162, 9.999993, 357, 351, 6
1730.001468, 9.999848, 347, 345, 2
1740.001475, 10.000007, 351, 348, 3
1750.001508, 10.000033, 378, 374, 4
1760.001502, 9.999994, 366, 365, 1
1770.001593, 10.000091, 320, 319, 1
1780.001574, 9.999981, 357, 354, 3
1790.001438, 9.999864, 372, 368, 4
1800.001413, 9.999975, 335, 329, 6
1810.001455, 10.000042, 357, 353, 4
1820.001366, 9.999911, 355, 350, 5
1830.001418, 10.000052, 370, 369, 1
1840.001504, 10.000086, 364, 361, 3
1850.001419, 9.999915, 313, 307, 6
1860.001385, 9.999966, 325, 324, 1
1870.001358, 9.999973, 309, 307, 2
1880.001391, 10.000033, 348, 348, 0
1890.00139, 9.999999, 341, 338, 3
1900.00135, 9.99996, 315, 312, 3
1910.001285, 9.999935, 423, 422, 1
1920.001434, 10.000149, 315, 311, 4
1930.002258, 10.000824, 411, 407, 4
1940.002302, 10.000044, 349, 343, 6
1950.002256, 9.999954, 357, 353, 4
1960.002228, 9.999972, 356, 354, 2
1970.001244, 9.999016, 351, 348, 3
1980.002245, 10.001001, 360, 352, 8
1990.002178, 9.999933, 327, 326, 1
2000.001148, 9.99897, 301, 295, 6
2010.001173, 10.000025, 355, 349, 6
2020.001127, 9.999954, 363, 361, 2
2030.001216, 10.000089, 367, 361, 6
2040.001204, 9.999988, 387, 380, 7
2050.001184, 9.99998, 402, 400, 2
2060.001198, 10.000014, 342, 340, 2
2070.00136, 10.000162, 271, 268, 3
2080.002298, 10.000938, 317, 314, 3
2090.002111, 9.999813, 379, 378, 1
2100.001052, 9.998941, 328, 323, 5
2110.00218, 10.001128, 324, 320, 4
2120.001075, 9.998895, 360, 353, 7
2130.001152, 10.000077, 373, 367, 6
2140.001146, 9.999994, 325, 321, 4
2150.001131, 9.999985, 354, 349, 5
2160.001116, 9.999985, 388, 385, 3
2170.001175, 10.000059, 288, 286, 2
2180.000899, 9.999724, 301, 297, 4
2190.001966, 10.001067, 363, 361, 2
2200.001984, 10.000018, 379, 371, 8
2210.001792, 9.999808, 297, 295, 2
2220.001782, 9.99999, 381, 380, 1
2230.001851, 10.000069, 357, 354, 3
2240.001846, 9.999995, 305, 303, 2
2250.0019, 10.000054, 345, 341, 4
2260.001872, 9.999972, 345, 343, 2
2270.001673, 9.999801, 310, 310, 0
2280.001782, 10.000109, 315, 313, 2
2290.00174, 9.999958, 370, 364, 6
2300.001803, 10.000063, 290, 285, 5
2310.001797, 9.999994, 322, 320, 2
2320.001793, 9.999996, 346, 342, 4
2330.001605, 9.999812, 397, 395, 2
2340.001795, 10.00019, 285, 281, 4
2350.001835, 10.00004, 303, 300, 3
2360.001807, 9.999972, 375, 373, 2
2370.001802, 9.999995, 314, 304, 10
2380.001831, 10.000029, 355, 354, 1
2390.001674, 9.999843, 332, 329, 3
2400.001662, 9.999988, 334, 332, 2
2410.001829, 10.000167, 337, 334, 3
2420.001816, 9.999987, 340, 334, 6
2430.00186, 10.000044, 303, 297, 6
2440.001852, 9.999992, 311, 307, 4
2450.001729, 9.999877, 340, 339, 1
2460.001717, 9.999988, 317, 316, 1
2470.001792, 10.000075, 286, 284, 2
2480.001784, 9.999992, 275, 273, 2
2490.001799, 10.000015, 331, 328, 3
2500.001784, 9.999985, 311, 311, 0
2510.001634, 9.99985, 343, 341, 2
2520.001646, 10.000012, 345, 338, 7
2530.001735, 10.000089, 340, 337, 3
2540.001697, 9.999962, 319, 319, 0
2550.001707, 10.00001, 254, 250, 4
2560.001677, 9.99997, 365, 363, 2
2570.001577, 9.9999, 339, 337, 2
2580.001483, 9.999906, 355, 350, 5
2590.001615, 10.000132, 332, 330, 2
2600.001562, 9.999947, 228, 227, 1
2610.001551, 9.999989, 262, 258, 4
2620.001499, 9.999948, 344, 342, 2
2630.001484, 9.999985, 305, 303, 2
2640.00153, 10.000046, 353, 352, 1
2650.00159, 10.00006, 312, 308, 4
2660.001583, 9.999993, 281, 280, 1
2670.001679, 10.000096, 363, 361, 2
2680.001669, 9.99999, 347, 345, 2
2690.001448, 9.999779, 323, 323, 0
2700.001666, 10.000218, 378, 374, 4
2710.001466, 9.9998, 321, 316, 5
2720.001509, 10.000043, 381, 373, 8
2730.001559, 10.00005, 271, 268, 3
2740.0015, 9.999941, 382, 380, 2
2750.001364, 9.999864, 307, 304, 3
2760.001405, 10.000041, 354, 351, 3
2770.001348, 9.999943, 318, 315, 3
2780.001388, 10.00004, 278, 275, 3
2790.001376, 9.999988, 278, 275, 3
2800.001558, 10.000182, 333, 330, 3
2810.001421, 9.999863, 330, 328, 2
2820.001432, 10.000011, 341, 337, 4
2830.001431, 9.999999, 307, 305, 2
2840.001439, 10.000008, 239, 238, 1
2850.001501, 10.000062, 51, 50, 1
2860.001471, 9.99997, 51, 51, 0
2870.002104, 10.000633, 62, 62, 0
2880.001196, 9.999092, 48, 48, 0
2890.001288, 10.000092, 69, 69, 0
2900.002128, 10.00084, 47, 47, 0
2910.001331, 9.999203, 88, 87, 1
2920.002308, 10.000977, 49, 49, 0
2930.002184, 9.999876, 62, 62, 0
2940.001166, 9.998982, 59, 59, 0
2950.001231, 10.000065, 49, 49, 0
2960.000857, 9.999626, 66, 66, 0
2970.001819, 10.000962, 67, 66, 1
2980.001895, 10.000076, 68, 67, 1
2990.001344, 9.999449, 72, 72, 0
3000.00173, 10.000386, 43, 43, 0
3010.001783, 10.000053, 65, 63, 2
3020.001803, 10.00002, 62, 62, 0
3030.001795, 9.999992, 71, 70, 1
3040.001356, 9.999561, 76, 75, 1
3050.001625, 10.000269, 63, 63, 0
3060.001685, 10.00006, 69, 69, 0
3070.001653, 9.999968, 75, 75, 0
3080.001676, 10.000023, 51, 51, 0
3090.00166, 9.999984, 69, 68, 1
3100.001656, 9.999996, 61, 61, 0
3110.00152, 9.999864, 51, 50, 1
3120.001353, 9.999833, 85, 84, 1
3130.001749, 10.000396, 63, 62, 1
3140.001348, 9.999599, 81, 81, 0
3150.001734, 10.000386, 70, 68, 2
3160.001724, 9.99999, 78, 78, 0
3170.001683, 9.999959, 83, 82, 1
3180.001348, 9.999665, 81, 81, 0
3190.001762, 10.000414, 101, 101, 0
3200.001779, 10.000017, 71, 71, 0
3210.002311, 10.000532, 67, 67, 0
3220.002306, 9.999995, 58, 57, 1
3230.00173, 9.999424, 87, 87, 0
3240.002121, 10.000391, 70, 69, 1
3250.001192, 9.999071, 58, 56, 2
3260.001163, 9.999971, 51, 51, 0
3270.001236, 10.000073, 67, 67, 0
3280.002214, 10.000978, 49, 48, 1
3290.001047, 9.998833, 55, 54, 1
3300.001998, 10.000951, 72, 72, 0
3310.002112, 10.000114, 104, 104, 0
3320.001044, 9.998932, 99, 98, 1
3330.002118, 10.001074, 57, 56, 1
3340.000854, 9.998736, 56, 56, 0
3350.001805, 10.000951, 68, 68, 0
3360.00168, 9.999875, 65, 63, 2
3370.001364, 9.999684, 82, 81, 1
3380.001363, 9.999999, 73, 73, 0
3390.001628, 10.000265, 78, 76, 2
3400.001694, 10.000066, 53, 53, 0
3410.001547, 9.999853, 58, 58, 0
3420.001788, 10.000241, 79, 79, 0
3430.001586, 9.999798, 65, 64, 1
3440.001369, 9.999783, 56, 56, 0
3450.001597, 10.000228, 42, 41, 1
3460.001621, 10.000024, 60, 59, 1
3470.001521, 9.9999, 32, 31, 1
3480.001279, 9.999758, 59, 59, 0
3490.001614, 10.000335, 77, 76, 1
3500.001316, 9.999702, 58, 58, 0
3510.001639, 10.000323, 75, 75, 0
3520.001448, 9.999809, 56, 55, 1
3530.001801, 10.000353, 83, 82, 1
3540.002022, 10.000221, 62, 60, 2
3550.001802, 9.99978, 52, 51, 1
3560.001281, 9.999479, 98, 98, 0
3570.001622, 10.000341, 47, 47, 0
3580.001574, 9.999952, 62, 61, 1
3590.001281, 9.999707, 83, 83, 0
3600.00152, 10.000239, 56, 56, 0
3610.001358, 9.999838, 45, 45, 0
3620.001563, 10.000205, 60, 60, 0
3630.001676, 10.000113, 70, 69, 1
3640.001778, 10.000102, 56, 55, 1
3650.001728, 9.99995, 48, 48, 0
3660.001823, 10.000095, 65, 65, 0
3670.00175, 9.999927, 65, 65, 0
3680.001453, 9.999703, 61, 60, 1
3690.001343, 9.99989, 69, 69, 0
3700.001693, 10.00035, 94, 92, 2
3710.001388, 9.999695, 91, 91, 0
3720.001723, 10.000335, 102, 102, 0
3730.001716, 9.999993, 90, 88, 2
3740.001618, 9.999902, 62, 62, 0
3750.001616, 9.999998, 61, 60, 1
3760.001382, 9.999766, 82, 82, 0
3770.001702, 10.00032, 56, 56, 0
3780.001399, 9.999697, 69, 68, 1
3790.001372, 9.999973, 64, 63, 1
3800.001401, 10.000029, 60, 60, 0
3810.001352, 9.999951, 58, 58, 0
3820.001658, 10.000306, 91, 89, 2
3830.001683, 10.000025, 79, 79, 0
3840.00176, 10.000077, 78, 77, 1
3850.00168, 9.99992, 39, 37, 2
3860.001685, 10.000005, 61, 61, 0
3870.001371, 9.999686, 55, 54, 1
3880.001468, 10.000097, 47, 47, 0
3890.00165, 10.000182, 37, 37, 0
3900.001395, 9.999745, 36, 36, 0
3910.002101, 10.000706, 85, 83, 2
3920.000388, 9.998287, 74, 74, 0
3930.001963, 10.001575, 47, 47, 0
3940.001406, 9.999443, 49, 49, 0
3950.001424, 10.000018, 85, 85, 0
3960.001396, 9.999972, 83, 82, 1
3970.001393, 9.999997, 80, 80, 0
3980.001402, 10.000009, 77, 77, 0
3990.001527, 10.000125, 72, 71, 1
4000.001695, 10.000168, 92, 92, 0
4010.001765, 10.00007, 55, 55, 0
4020.001398, 9.999633, 78, 78, 0
4030.001441, 10.000043, 55, 55, 0
4040.001438, 9.999997, 59, 57, 2
4050.001373, 9.999935, 79, 78, 1
4060.001388, 10.000015, 63, 62, 1
4070.001358, 9.99997, 74, 74, 0
4080.002038, 10.00068, 93, 92, 1
4090.00161, 9.999572, 75, 73, 2
4100.001404, 9.999794, 85, 84, 1
4110.001368, 9.999964, 74, 73, 1
4120.001376, 10.000008, 93, 91, 2
4130.001387, 10.000011, 62, 61, 1
4140.001478, 10.000091, 52, 51, 1
4150.001389, 9.999911, 82, 82, 0
4160.002428, 10.001039, 102, 102, 0
4170.00256, 10.000132, 80, 80, 0
4180.001982, 9.999422, 64, 64, 0
4190.001915, 9.999933, 72, 72, 0
4200.001639, 9.999724, 46, 46, 0
4210.00153, 9.999891, 46, 45, 1
4220.00163, 10.0001, 80, 80, 0
4230.001594, 9.999964, 71, 70, 1
4240.0013, 9.999706, 45, 45, 0
4250.001506, 10.000206, 50, 50, 0
4260.001689, 10.000183, 66, 65, 1
4270.001523, 9.999834, 69, 69, 0
4280.001357, 9.999834, 54, 53, 1
4290.001601, 10.000244, 108, 108, 0
4300.001576, 9.999975, 78, 77, 1
4310.001374, 9.999798, 66, 65, 1
4320.001368, 9.999994, 74, 74, 0
4330.00259, 10.001222, 62, 62, 0
4340.002521, 9.999931, 59, 58, 1
4350.002385, 9.999864, 60, 60, 0
4360.002389, 10.000004, 84, 84, 0
4370.002269, 9.99988, 60, 59, 1
4380.001593, 9.999324, 64, 64, 0
4390.002015, 10.000422, 71, 71, 0
4400.002247, 10.000232, 33, 33, 0
4410.00153, 9.999283, 85, 85, 0
4420.00182, 10.00029, 68, 67, 1
4430.001752, 9.999932, 55, 55, 0
4440.001403, 9.999651, 90, 90, 0
4450.002141, 10.000738, 75, 75, 0
4460.000426, 9.998285, 61, 61, 0
4470.001389, 10.000963, 77, 76, 1
4480.001389, 10.0, 77, 76, 1
4490.002401, 10.001012, 64, 64, 0
4500.00182, 9.999419, 51, 51, 0
4510.002251, 10.000431, 72, 72, 0
4520.001554, 9.999303, 65, 64, 1
4530.001593, 10.000039, 77, 77, 0
4540.001686, 10.000093, 89, 88, 1
4550.001616, 9.99993, 127, 126, 1
4560.001732, 10.000116, 135, 134, 1
4570.001401, 9.999669, 81, 80, 1
4580.001388, 9.999987, 67, 67, 0
4590.001656, 10.000268, 89, 88, 1
4600.001541, 9.999885, 46, 46, 0
4610.001964, 10.000423, 66, 66, 0
4620.002115, 10.000151, 41, 41, 0
4630.001016, 9.998901, 42, 42, 0
4640.002375, 10.001359, 57, 56, 1
4650.002182, 9.999807, 67, 67, 0
4660.00038, 9.998198, 95, 95, 0
4670.001981, 10.001601, 56, 56, 0
4680.002128, 10.000147, 68, 66, 2
4690.000373, 9.998245, 43, 43, 0
4700.001491, 10.001118, 71, 69, 2
4710.001376, 9.999885, 48, 48, 0
4720.001442, 10.000066, 50, 50, 0
4730.001376, 9.999934, 51, 51, 0
4740.001393, 10.000017, 58, 58, 0
4750.001473, 10.00008, 93, 93, 0
4760.001493, 10.00002, 60, 60, 0
4770.001732, 10.000239, 60, 60, 0
4780.001451, 9.999719, 132, 132, 0
4790.001382, 9.999931, 77, 76, 1
4800.001789, 10.000407, 62, 62, 0
4810.001624, 9.999835, 53, 53, 0
4820.001641, 10.000017, 101, 100, 1
4830.00239, 10.000749, 66, 66, 0
4840.002259, 9.999869, 51, 50, 1
4850.002177, 9.999918, 123, 121, 2
4860.001109, 9.998932, 119, 118, 1
4870.000875, 9.999766, 91, 90, 1
4880.001657, 10.000782, 100, 99, 1
4890.001746, 10.000089, 91, 90, 1
4900.001953, 10.000207, 98, 98, 0
4910.001962, 10.000009, 82, 82, 0
4920.002377, 10.000415, 27, 27, 0
4930.00149, 9.999113, 56, 56, 0
4940.001634, 10.000144, 45, 45, 0
4950.001459, 9.999825, 63, 62, 1
4960.001599, 10.00014, 59, 59, 0
4970.00205, 10.000451, 70, 70, 0
4980.001816, 9.999766, 57, 57, 0
4990.001775, 9.999959, 57, 56, 1
5000.001581, 9.999806, 49, 49, 0
5010.001608, 10.000027, 80, 80, 0
5020.001669, 10.000061, 57, 57, 0
5030.001651, 9.999982, 79, 79, 0
5040.001815, 10.000164, 52, 52, 0
5050.00185, 10.000035, 52, 52, 0
5060.001743, 9.999893, 67, 66, 1
5070.001377, 9.999634, 55, 53, 2
5080.001511, 10.000134, 94, 92, 2
5090.001381, 9.99987, 84, 83, 1
5100.002329, 10.000948, 53, 52, 1
5110.00224, 9.999911, 67, 67, 0
5120.002202, 9.999962, 77, 77, 0
5130.00056, 9.998358, 81, 80, 1
5140.001361, 10.000801, 90, 89, 1
5150.001384, 10.000023, 73, 73, 0
5160.001835, 10.000451, 58, 56, 2
5170.001961, 10.000126, 88, 86, 2
5180.001357, 9.999396, 63, 63, 0
5190.001582, 10.000225, 59, 58, 1
5200.001809, 10.000227, 55, 55, 0
5210.001766, 9.999957, 95, 93, 2
5220.001934, 10.000168, 64, 64, 0
5230.001956, 10.000022, 83, 82, 1
5240.001411, 9.999455, 70, 69, 1
5250.001371, 9.99996, 101, 101, 0
5260.001385, 10.000014, 40, 40, 0
5270.002224, 10.000839, 65, 65, 0
5280.000471, 9.998247, 52, 52, 0
5290.002218, 10.001747, 67, 66, 1
5300.000396, 9.998178, 38, 38, 0
5310.001384, 10.000988, 62, 62, 0
5320.001784, 10.0004, 26, 26, 0
5330.001988, 10.000204, 49, 49, 0
5340.002141, 10.000153, 39, 39, 0
5350.000995, 9.998854, 56, 56, 0
5360.001453, 10.000458, 37, 37, 0
5370.001689, 10.000236, 43, 43, 0
5380.001807, 10.000118, 93, 92, 1
5390.001405, 9.999598, 69, 69, 0
5400.001968, 10.000563, 63, 63, 0
5410.001565, 9.999597, 49, 49, 0
5420.001422, 9.999857, 44, 44, 0
5430.002065, 10.000643, 95, 94, 1
5440.001442, 9.999377, 48, 48, 0
5450.001429, 9.999987, 73, 73, 0
5460.0014, 9.999971, 56, 55, 1
5470.002137, 10.000737, 45, 45, 0
5480.000372, 9.998235, 51, 51, 0
5490.001577, 10.001205, 63, 63, 0
5500.00134, 9.999763, 63, 63, 0
5510.001399, 10.000059, 65, 63, 2
5520.001392, 9.999993, 71, 71, 0
5530.002131, 10.000739, 87, 87, 0
5540.001138, 9.999007, 64, 64, 0
5550.001155, 10.000017, 67, 67, 0
5560.001125, 9.99997, 98, 98, 0
5570.000866, 9.999741, 67, 67, 0
5580.002171, 10.001305, 81, 80, 1
5590.001105, 9.998934, 81, 80, 1
5600.000387, 9.999282, 84, 84, 0
5610.001513, 10.001126, 86, 83, 3
5620.00159, 10.000077, 66, 66, 0
5630.001543, 9.999953, 84, 83, 1
5640.001599, 10.000056, 58, 58, 0
5650.001581, 9.999982, 88, 87, 1
5660.001407, 9.999826, 80, 80, 0
5670.001371, 9.999964, 88, 88, 0
5680.001981, 10.00061, 70, 69, 1
5690.002166, 10.000185, 74, 73, 1
5700.001187, 9.999021, 40, 39, 1
5710.000972, 9.999785, 50, 49, 1
5720.001409, 10.000437, 47, 47, 0
5730.002257, 10.000848, 79, 79, 0
5740.002127, 9.99987, 74, 74, 0
5750.001147, 9.99902, 70, 69, 1
5760.001046, 9.999899, 48, 47, 1
5770.001088, 10.000042, 39, 38, 1
5780.000407, 9.999319, 46, 46, 0
5790.001393, 10.000986, 75, 74, 1
5800.001389, 9.999996, 81, 80, 1
5810.001407, 10.000018, 67, 67, 0
5820.002297, 10.00089, 69, 68, 1
5830.002173, 9.999876, 50, 49, 1
5840.00114, 9.998967, 66, 65, 1
5850.000399, 9.999259, 41, 41, 0
5860.001533, 10.001134, 82, 81, 1
5870.001649, 10.000116, 56, 55, 1
5880.001376, 9.999727, 46, 45, 1
5890.001392, 10.000016, 69, 67, 2
5900.001454, 10.000062, 42, 41, 1
5910.001871, 10.000417, 70, 70, 0
5920.002168, 10.000297, 77, 77, 0
5930.001329, 9.999161, 66, 65, 1
5940.001743, 10.000414, 36, 36, 0
5950.001676, 9.999933, 111, 109, 2
5960.001269, 9.999593, 76, 74, 2
5970.001637, 10.000368, 66, 66, 0
5980.001493, 9.999856, 78, 78, 0
5990.001751, 10.000258, 40, 40, 0
6000.001885, 10.000134, 94, 94, 0
6010.001763, 9.999878, 83, 83, 0
6020.001677, 9.999914, 66, 65, 1
6030.002009, 10.000332, 83, 82, 1
6040.001905, 9.999896, 65, 64, 1
6050.00138, 9.999475, 90, 90, 0
6060.001844, 10.000464, 62, 62, 0
6070.001512, 9.999668, 81, 81, 0
6080.001491, 9.999979, 65, 65, 0
6090.001387, 9.999896, 86, 83, 3
6100.001388, 10.000001, 80, 80, 0
6110.002107, 10.000719, 87, 87, 0
6120.001344, 9.999237, 46, 46, 0
6130.001666, 10.000322, 36, 36, 0
6140.001506, 9.99984, 42, 42, 0
6150.002182, 10.000676, 45, 45, 0
6160.000916, 9.998734, 66, 65, 1
6170.001468, 10.000552, 39, 39, 0
6180.001668, 10.0002, 105, 102, 3
6190.00153, 9.999862, 52, 52, 0
6200.001426, 9.999896, 62, 62, 0
6210.001631, 10.000205, 85, 84, 1
6220.0014, 9.999769, 88, 88, 0
6230.00145, 10.00005, 65, 63, 2
6240.001527, 10.000077, 63, 63, 0
6250.001614, 10.000087, 36, 36, 0
6260.001438, 9.999824, 58, 58, 0
6270.001485, 10.000047, 40, 40, 0
6280.00137, 9.999885, 52, 52, 0
6290.002118, 10.000748, 56, 55, 1
6300.000392, 9.998274, 70, 70, 0
6310.002137, 10.001745, 62, 62, 0
6320.001083, 9.998946, 60, 59, 1
6330.002119, 10.001036, 57, 55, 2
6340.000405, 9.998286, 68, 66, 2
6350.001371, 10.000966, 79, 78, 1
6360.001596, 10.000225, 54, 54, 0
6370.00153, 9.999934, 62, 62, 0
6380.001386, 9.999856, 76, 75, 1
6390.001458, 10.000072, 66, 66, 0
6400.001386, 9.999928, 58, 56, 2
6410.00188, 10.000494, 66, 65, 1
6420.001617, 9.999737, 63, 62, 1
6430.001609, 9.999992, 59, 57, 2
6440.001607, 9.999998, 85, 85, 0
6450.001501, 9.999894, 88, 88, 0
6460.001865, 10.000364, 116, 113, 3
6470.001384, 9.999519, 72, 70, 2
6480.001375, 9.999991, 74, 74, 0
6490.001681, 10.000306, 57, 57, 0
6500.00152, 9.999839, 56, 56, 0
6510.002064, 10.000544, 62, 61, 1
6520.001895, 9.999831, 44, 44, 0
6530.001372, 9.999477, 27, 27, 0
6540.001596, 10.000224, 43, 43, 0
6550.001506, 9.99991, 54, 54, 0
6560.001447, 9.999941, 46, 45, 1
6570.00165, 10.000203, 67, 66, 1
6580.001378, 9.999728, 48, 48, 0
6590.001373, 9.999995, 61, 60, 1
6600.001383, 10.00001, 52, 52, 0
6610.001369, 9.999986, 54, 53, 1
6620.002092, 10.000723, 42, 42, 0
6630.002144, 10.000052, 35, 35, 0
6640.000555, 9.998411, 30, 30, 0
6650.001356, 10.000801, 66, 66, 0
6660.001585, 10.000229, 70, 70, 0
6670.001559, 9.999974, 72, 72, 0
6680.001583, 10.000024, 45, 45, 0
6690.001592, 10.000009, 43, 43, 0
6700.002288, 10.000696, 54, 53, 1
6710.001768, 9.99948, 47, 45, 2
6720.001931, 10.000163, 49, 48, 1
6730.001375, 9.999444, 56, 56, 0
6740.00139, 10.000015, 54, 54, 0
6750.001711, 10.000321, 65, 65, 0
6760.001597, 9.999886, 32, 32, 0
6770.001628, 10.000031, 63, 62, 1
6780.002107, 10.000479, 50, 50, 0
6790.001027, 9.99892, 42, 42, 0
6800.001373, 10.000346, 68, 67, 1
6810.001377, 10.000004, 98, 98, 0
6820.00169, 10.000313, 46, 46, 0
6830.002331, 10.000641, 54, 54, 0
6840.002299, 9.999968, 62, 62, 0
6850.002283, 9.999984, 76, 75, 1
6860.002173, 9.99989, 69, 69, 0
6870.001205, 9.999032, 75, 74, 1
6880.001923, 10.000718, 73, 73, 0
6890.002435, 10.000512, 77, 77, 0
6900.002272, 9.999837, 74, 73, 1
6910.001828, 9.999556, 23, 23, 0
6920.002094, 10.000266, 38, 38, 0
6930.000528, 9.998434, 55, 55, 0
6940.001389, 10.000861, 38, 38, 0
6950.001463, 10.000074, 98, 96, 2
6960.002416, 10.000953, 72, 72, 0
6970.00206, 9.999644, 77, 77, 0
6980.001986, 9.999926, 60, 58, 2
6990.001811, 9.999825, 48, 48, 0
7000.001615, 9.999804, 58, 58, 0
7010.001732, 10.000117, 49, 49, 0
7020.001679, 9.999947, 70, 70, 0
7030.001377, 9.999698, 55, 55, 0
7040.001386, 10.000009, 59, 57, 2
7050.00138, 9.999994, 70, 70, 0
7060.001457, 10.000077, 43, 43, 0
7070.001672, 10.000215, 25, 25, 0
7080.001467, 9.999795, 33, 33, 0
7090.00209, 10.000623, 53, 53, 0
7100.00067, 9.99858, 66, 65, 1
7110.00171, 10.00104, 56, 55, 1
7120.001733, 10.000023, 52, 52, 0
7130.0017, 9.999967, 58, 58, 0
7140.001849, 10.000149, 57, 57, 0
7150.00169, 9.999841, 40, 38, 2
7160.001446, 9.999756, 68, 68, 0
7170.001541, 10.000095, 57, 55, 2
7180.001405, 9.999864, 65, 65, 0
7190.001376, 9.999971, 68, 68, 0
7200.00138, 10.000004, 64, 62, 2
7210.00185, 10.00047, 66, 65, 1
7220.001755, 9.999905, 68, 68, 0
7230.001515, 9.99976, 56, 56, 0
7240.001685, 10.00017, 50, 50, 0
7250.001602, 9.999917, 70, 67, 3
7260.001683, 10.000081, 59, 57, 2
7270.001753, 10.00007, 108, 106, 2
7280.001733, 9.99998, 58, 58, 0
7290.001802, 10.000069, 81, 81, 0
7300.002038, 10.000236, 49, 49, 0
7310.001829, 9.999791, 68, 66, 2
7320.001388, 9.999559, 51, 50, 1
7330.00211, 10.000722, 46, 44, 2
7340.000556, 9.998446, 115, 114, 1
7350.001695, 10.001139, 99, 98, 1
7360.001999, 10.000304, 41, 41, 0
7370.002886, 10.000887, 36, 36, 0
7380.001387, 9.998501, 64, 62, 2
7390.001387, 10.0, 56, 56, 0
7400.001596, 10.000209, 38, 38, 0
7410.001574, 9.999978, 28, 27, 1
7420.001737, 10.000163, 37, 37, 0
7430.001376, 9.999639, 63, 63, 0
7440.00161, 10.000234, 42, 42, 0
7450.002401, 10.000791, 47, 46, 1
7460.00224, 9.999839, 35, 35, 0
7470.002019, 9.999779, 55, 54, 1
7480.001712, 9.999693, 34, 34, 0
7490.001473, 9.999761, 40, 40, 0
7500.001774, 10.000301, 39, 39, 0
7510.00138, 9.999606, 45, 45, 0
7520.001701, 10.000321, 56, 56, 0
7530.001773, 10.000072, 38, 38, 0
7540.001419, 9.999646, 62, 62, 0
7550.0014, 9.999981, 70, 69, 1
7560.001372, 9.999972, 48, 47, 1
7570.002392, 10.00102, 57, 57, 0
7580.00181, 9.999418, 70, 70, 0
7590.001797, 9.999987, 40, 40, 0
7600.001726, 9.999929, 46, 46, 0
7610.001508, 9.999782, 51, 50, 1
7620.001387, 9.999879, 68, 68, 0
7630.002286, 10.000899, 52, 51, 1
7640.002274, 9.999988, 48, 48, 0
7650.002021, 9.999747, 45, 44, 1
7660.001881, 9.99986, 81, 80, 1
7670.002118, 10.000237, 69, 69, 0
7680.000651, 9.998533, 44, 44, 0
7690.001638, 10.000987, 54, 54, 0
7700.001385, 9.999747, 74, 73, 1
7710.001393, 10.000008, 42, 42, 0
7720.001393, 10.0, 44, 44, 0
7730.001376, 9.999983, 29, 29, 0
7740.001656, 10.00028, 49, 49, 0
7750.001877, 10.000221, 23, 22, 1
7760.001605, 9.999728, 46, 46, 0
7770.001597, 9.999992, 46, 46, 0
7780.001385, 9.999788, 44, 44, 0
7790.002249, 10.000864, 64, 63, 1
7800.00138, 9.999131, 56, 56, 0
7810.001377, 9.999997, 55, 55, 0
7820.001516, 10.000139, 73, 73, 0
7830.002186, 10.00067, 60, 58, 2
7840.000379, 9.998193, 102, 99, 3
7850.001778, 10.001399, 85, 83, 2
7860.002107, 10.000329, 54, 54, 0
7870.000702, 9.998595, 35, 35, 0
7880.001588, 10.000886, 21, 21, 0
7890.001732, 10.000144, 59, 59, 0
7900.002155, 10.000423, 38, 37, 1
7910.000564, 9.998409, 56, 56, 0
7920.00261, 10.002046, 44, 43, 1
7930.001519, 9.998909, 36, 35, 1
7940.001915, 10.000396, 42, 42, 0
7950.002281, 10.000366, 38, 37, 1
7960.0021, 9.999819, 36, 35, 1
7970.000592, 9.998492, 36, 36, 0
7980.00166, 10.001068, 57, 57, 0
7990.001706, 10.000046, 64, 63, 1
8000.001392, 9.999686, 48, 48, 0
8010.001383, 9.999991, 68, 68, 0
8020.001936, 10.000553, 47, 46, 1
8030.001585, 9.999649, 61, 59, 2
8040.001719, 10.000134, 53, 53, 0
8050.001967, 10.000248, 47, 47, 0
8060.001583, 9.999616, 61, 61, 0
8070.001639, 10.000056, 38, 38, 0
8080.001645, 10.000006, 46, 46, 0
8090.001442, 9.999797, 58, 58, 0
8100.001599, 10.000157, 63, 62, 1
8110.00251, 10.000911, 54, 54, 0
8120.001566, 9.999056, 83, 83, 0
8130.00163, 10.000064, 48, 47, 1
8140.001417, 9.999787, 81, 80, 1
8150.001478, 10.000061, 86, 86, 0
8160.001618, 10.00014, 63, 63, 0
8170.00203, 10.000412, 61, 61, 0
8180.002136, 10.000106, 79, 79, 0
8190.001329, 9.999193, 77, 76, 1
8200.001564, 10.000235, 64, 64, 0
8210.001518, 9.999954, 74, 73, 1
8220.001405, 9.999887, 74, 74, 0
8230.001544, 10.000139, 84, 84, 0
8240.001548, 10.000004, 95, 92, 3
8250.001412, 9.999864, 70, 69, 1
8260.001582, 10.00017, 41, 41, 0
8270.001543, 9.999961, 79, 78, 1
8280.001697, 10.000154, 38, 38, 0
8290.001567, 9.99987, 64, 64, 0
8300.00136, 9.999793, 28, 28, 0
8310.001559, 10.000199, 26, 26, 0
8320.002147, 10.000588, 32, 32, 0
8330.000512, 9.998365, 39, 39, 0
8340.001388, 10.000876, 25, 25, 0
8350.001711, 10.000323, 54, 53, 1
8360.0015, 9.999789, 45, 45, 0
8370.002449, 10.000949, 40, 40, 0
8380.001531, 9.999082, 36, 36, 0
8390.002606, 10.001075, 24, 24, 0
8400.001376, 9.99877, 62, 62, 0
8410.001415, 10.000039, 50, 50, 0
8420.00158, 10.000165, 42, 42, 0
8430.001574, 9.999994, 25, 25, 0
8440.001357, 9.999783, 45, 45, 0
8450.00164, 10.000283, 57, 56, 1
8460.001385, 9.999745, 51, 51, 0
8470.001387, 10.000002, 73, 72, 1
8480.001533, 10.000146, 37, 37, 0
8490.001786, 10.000253, 53, 53, 0
8500.001633, 9.999847, 42, 42, 0
8510.00138, 9.999747, 51, 49, 2
8520.001989, 10.000609, 38, 38, 0
8530.002087, 10.000098, 56, 56, 0
8540.000499, 9.998412, 41, 40, 1
8550.001682, 10.001183, 38, 38, 0
8560.001377, 9.999695, 30, 30, 0
8570.002285, 10.000908, 41, 41, 0
8580.001925, 9.99964, 32, 31, 1
8590.001985, 10.00006, 76, 76, 0
8600.00175, 9.999765, 56, 56, 0
8610.001376, 9.999626, 58, 58, 0
8620.002089, 10.000713, 28, 28, 0
8630.001367, 9.999278, 81, 80, 1
8640.001527, 10.00016, 40, 39, 1
8650.001568, 10.000041, 33, 33, 0
8660.002226, 10.000658, 56, 56, 0
8670.000893, 9.998667, 77, 77, 0
8680.001799, 10.000906, 38, 38, 0
8690.001379, 9.99958, 59, 59, 0
8700.001678, 10.000299, 57, 56, 1
8710.001498, 9.99982, 53, 53, 0
8720.001592, 10.000094, 49, 49, 0
8730.001373, 9.999781, 57, 57, 0
8740.001632, 10.000259, 60, 60, 0
8750.0016, 9.999968, 60, 60, 0
8760.001694, 10.000094, 47, 47, 0
8770.001776, 10.000082, 37, 37, 0
8780.001584, 9.999808, 111, 109, 2
8790.001635, 10.000051, 64, 64, 0
8800.001607, 9.999972, 129, 128, 1
8810.001476, 9.999869, 90, 90, 0
8820.001387, 9.999911, 28, 28, 0
8830.001476, 10.000089, 18, 17, 1
8840.001376, 9.9999, 14, 14, 0
8850.001376, 10.0, 80, 80, 0
8860.001949, 10.000573, 54, 54, 0
8870.002224, 10.000275, 23, 22, 1
8880.000828, 9.998604, 36, 34, 2
8890.001367, 10.000539, 36, 36, 0
8900.001388, 10.000021, 59, 59, 0
8910.001369, 9.999981, 58, 58, 0
8920.001661, 10.000292, 34, 34, 0
8930.001374, 9.999713, 47, 46, 1
8940.001861, 10.000487, 54, 54, 0
8950.001963, 10.000102, 52, 51, 1
8960.002309, 10.000346, 58, 58, 0
8970.001358, 9.999049, 57, 57, 0
8980.001369, 10.000011, 52, 50, 2
8990.001375, 10.000006, 42, 42, 0
9000.001408, 10.000033, 27, 27, 0
9010.001375, 9.999967, 71, 69, 2
9020.002072, 10.000697, 37, 36, 1
9030.001415, 9.999343, 34, 34, 0
9040.002014, 10.000599, 55, 55, 0
9050.002137, 10.000123, 53, 52, 1
9060.001337, 9.9992, 77, 76, 1
9070.001585, 10.000248, 67, 67, 0
9080.001774, 10.000189, 76, 76, 0
9090.001883, 10.000109, 47, 46, 1
9100.001933, 10.00005, 65, 64, 1
9110.001627, 9.999694, 63, 63, 0
9120.00168, 10.000053, 37, 37, 0
9130.001354, 9.999674, 38, 38, 0
9140.001768, 10.000414, 58, 58, 0
9150.001453, 9.999685, 47, 47, 0
9160.001369, 9.999916, 53, 52, 1
9170.001642, 10.000273, 56, 56, 0
9180.001913, 10.000271, 58, 57, 1
9190.00171, 9.999797, 71, 71, 0
9200.001677, 9.999967, 74, 72, 2
9210.00151, 9.999833, 50, 49, 1
9220.00185, 10.00034, 44, 44, 0
9230.001756, 9.999906, 91, 90, 1
9240.001687, 9.999931, 51, 51, 0
9250.001433, 9.999746, 89, 88, 1
9260.001796, 10.000363, 55, 55, 0
9270.002122, 10.000326, 45, 45, 0
9280.001339, 9.999217, 58, 58, 0
9290.001863, 10.000524, 50, 50, 0
9300.00156, 9.999697, 69, 68, 1
9310.001375, 9.999815, 36, 36, 0
9320.001376, 10.000001, 27, 27, 0
9330.001998, 10.000622, 49, 49, 0
9340.001539, 9.999541, 28, 28, 0
9350.001673, 10.000134, 51, 51, 0
9360.001425, 9.999752, 43, 43, 0
9370.001375, 9.99995, 57, 57, 0
9380.001605, 10.00023, 59, 59, 0
9390.002274, 10.000669, 50, 50, 0
9400.002077, 9.999803, 37, 37, 0
9410.001246, 9.999169, 48, 47, 1
9420.002294, 10.001048, 61, 60, 1
9430.001375, 9.999081, 28, 28, 0
9440.001374, 9.999999, 53, 53, 0
9450.002093, 10.000719, 41, 41, 0
9460.000391, 9.998298, 40, 40, 0
9470.001389, 10.000998, 57, 57, 0
9480.001381, 9.999992, 50, 50, 0
9490.001759, 10.000378, 35, 35, 0
9500.001384, 9.999625, 44, 44, 0
9510.001933, 10.000549, 32, 32, 0
9520.001968, 10.000035, 79, 79, 0
9530.001634, 9.999666, 40, 40, 0
9540.001553, 9.999919, 41, 41, 0
9550.001397, 9.999844, 37, 37, 0
9560.001371, 9.999974, 34, 34, 0
9570.001385, 10.000014, 37, 37, 0
9580.001397, 10.000012, 43, 43, 0
9590.001816, 10.000419, 70, 69, 1
9600.001567, 9.999751, 55, 55, 0
9610.001373, 9.999806, 39, 39, 0
9620.001525, 10.000152, 37, 37, 0
9630.002182, 10.000657, 38, 35, 3
9640.000868, 9.998686, 51, 51, 0
9650.002574, 10.001706, 25, 25, 0
9660.001518, 9.998944, 54, 54, 0
9670.001489, 9.999971, 59, 59, 0
9680.001572, 10.000083, 36, 36, 0
9690.001382, 9.99981, 89, 85, 4
9700.001387, 10.000005, 52, 52, 0
9710.001723, 10.000336, 72, 72, 0
9720.001374, 9.999651, 72, 72, 0
9730.001372, 9.999998, 33, 33, 0
9740.001389, 10.000017, 47, 47, 0
9750.001612, 10.000223, 61, 61, 0
9760.001494, 9.999882, 49, 49, 0
9770.001459, 9.999965, 74, 73, 1
9780.001488, 10.000029, 94, 94, 0
9790.001503, 10.000015, 118, 118, 0
9800.001633, 10.00013, 67, 67, 0
9810.001545, 9.999912, 74, 73, 1
9820.001402, 9.999857, 107, 107, 0
9830.001395, 9.999993, 44, 44, 0
9840.001375, 9.99998, 46, 45, 1
9850.00141, 10.000035, 19, 18, 1
9860.001571, 10.000161, 22, 22, 0
9870.001478, 9.999907, 36, 36, 0
9880.00182, 10.000342, 53, 53, 0
9890.001377, 9.999557, 33, 33, 0
9900.001641, 10.000264, 70, 69, 1
9910.00138, 9.999739, 45, 45, 0
9920.001372, 9.999992, 37, 37, 0
9930.002006, 10.000634, 19, 19, 0
9940.001394, 9.999388, 37, 36, 1
9950.002011, 10.000617, 41, 41, 0
9960.001405, 9.999394, 35, 35, 0
9970.001531, 10.000126, 36, 36, 0
9980.001587, 10.000056, 37, 37, 0
9990.001593, 10.000006, 44, 44, 0
10000.001389, 9.999796, 68, 68, 0
10010.0014, 10.000011, 55, 55, 0
10020.001414, 10.000014, 67, 66, 1
10030.001426, 10.000012, 46, 46, 0
10040.001406, 9.99998, 40, 40, 0
10050.001413, 10.000007, 62, 62, 0
10060.001409, 9.999996, 50, 50, 0
10070.001383, 9.999974, 71, 71, 0
10080.001383, 10.0, 38, 38, 0
10090.002332, 10.000949, 40, 40, 0
10100.002, 9.999668, 49, 49, 0
10110.001793, 9.999793, 43, 42, 1
10120.001393, 9.9996, 45, 45, 0
10130.001452, 10.000059, 52, 51, 1
10140.00152, 10.000068, 22, 22, 0
10150.001389, 9.999869, 57, 57, 0
10160.001534, 10.000145, 60, 60, 0
10170.00194, 10.000406, 30, 29, 1
10180.001926, 9.999986, 57, 56, 1
10190.002158, 10.000232, 67, 67, 0
10200.001141, 9.998983, 48, 48, 0
10210.000986, 9.999845, 69, 69, 0
10220.001868, 10.000882, 72, 71, 1
10230.001437, 9.999569, 44, 43, 1
10240.001371, 9.999934, 56, 56, 0
10250.001918, 10.000547, 59, 59, 0
10260.002092, 10.000174, 35, 35, 0
10270.000782, 9.99869, 39, 39, 0
10280.001633, 10.000851, 59, 58, 1
10290.001596, 9.999963, 43, 43, 0
10300.001903, 10.000307, 50, 50, 0
10310.003584, 10.001681, 54, 54, 0
10320.00157, 9.997986, 57, 57, 0
10330.001401, 9.999831, 64, 64, 0
10340.002388, 10.000987, 59, 59, 0
10350.002054, 9.999666, 49, 48, 1
10360.0014, 9.999346, 46, 44, 2
10370.001395, 9.999995, 25, 24, 1
10380.001399, 10.000004, 48, 47, 1
10390.001546, 10.000147, 43, 43, 0
10400.001939, 10.000393, 19, 19, 0
10410.001827, 9.999888, 36, 36, 0
10420.003029, 10.001202, 17, 17, 0
10430.001405, 9.998376, 25, 25, 0
10440.001895, 10.00049, 30, 30, 0
10450.00216, 10.000265, 34, 33, 1
10460.00067, 9.99851, 37, 37, 0
10470.003702, 10.003032, 32, 32, 0
10480.00142, 9.997718, 19, 18, 1
10490.001401, 9.999981, 55, 55, 0
10500.001541, 10.00014, 48, 47, 1
10510.001684, 10.000143, 60, 60, 0
10520.001858, 10.000174, 36, 36, 0
10530.001421, 9.999563, 26, 26, 0
10540.001425, 10.000004, 61, 61, 0
10550.001507, 10.000082, 51, 51, 0
10560.001726, 10.000219, 41, 41, 0
10570.001396, 9.99967, 44, 44, 0
10580.001408, 10.000012, 46, 46, 0
10590.001403, 9.999995, 48, 48, 0
10600.001417, 10.000014, 62, 62, 0
10610.001736, 10.000319, 36, 36, 0
10620.001511, 9.999775, 65, 63, 2
10630.001471, 9.99996, 22, 22, 0
10640.001428, 9.999957, 27, 27, 0
10650.001824, 10.000396, 44, 44, 0
10660.001404, 9.99958, 42, 42, 0
10670.001963, 10.000559, 30, 30, 0
10680.002128, 10.000165, 49, 49, 0
10690.000922, 9.998794, 39, 39, 0
10700.001759, 10.000837, 41, 39, 2
10710.001812, 10.000053, 57, 57, 0
10720.001788, 9.999976, 60, 60, 0
10730.001952, 10.000164, 40, 39, 1
10740.001392, 9.99944, 43, 43, 0
10750.001373, 9.999981, 37, 36, 1
10760.001381, 10.000008, 28, 28, 0
10770.001383, 10.000002, 48, 48, 0
10780.00158, 10.000197, 59, 57, 2
10790.001377, 9.999797, 50, 49, 1
10800.0014, 10.000023, 55, 55, 0
10801.027927, 1.026527, 23, 21, 2
