elapsed, window, total, successful, failed
10.000305, 10.000305, 143999, 143999, 0
20.001327, 10.001022, 133086, 133077, 9
30.001638, 10.000311, 129288, 129288, 0
40.002254, 10.000616, 131320, 131309, 11
50.000334, 9.99808, 123579, 123575, 4
60.001393, 10.001059, 138186, 138185, 1
70.00142, 10.000027, 134459, 134459, 0
80.001889, 10.000469, 122809, 122804, 5
90.001523, 9.999634, 133727, 133718, 9
100.001298, 9.999775, 125661, 125655, 6
110.001331, 10.000033, 131310, 131305, 5
120.003164, 10.001833, 134006, 134005, 1
130.001526, 9.998362, 129416, 129405, 11
140.001379, 9.999853, 127443, 127441, 2
150.002124, 10.000745, 130619, 130610, 9
160.00081, 9.998686, 131801, 131801, 0
170.001802, 10.000992, 130513, 130500, 13
180.001337, 9.999535, 132877, 132876, 1
190.002109, 10.000772, 132900, 132892, 8
200.00032, 9.998211, 128560, 128559, 1
210.001317, 10.000997, 128954, 128942, 12
220.001331, 10.000014, 133056, 133055, 1
230.00132, 9.999989, 124339, 124331, 8
240.001325, 10.000005, 129254, 129254, 0
250.001661, 10.000336, 134869, 134853, 16
260.002294, 10.000633, 130750, 130749, 1
270.001602, 9.999308, 128465, 128455, 10
280.001315, 9.999713, 127615, 127615, 0
290.001702, 10.000387, 99994, 99985, 9
300.00148, 9.999778, 96578, 96578, 0
310.002363, 10.000883, 103540, 103533, 7
320.001409, 9.999046, 101949, 101949, 0
330.001318, 9.999909, 100935, 100935, 0
340.001377, 10.000059, 101736, 101731, 5
350.001488, 10.000111, 102534, 102534, 0
360.002447, 10.000959, 101480, 101473, 7
370.001353, 9.998906, 103386, 103384, 2
380.001472, 10.000119, 102240, 102240, 0
390.001303, 9.999831, 98907, 98901, 6
400.001339, 10.000036, 104209, 104209, 0
410.00132, 9.999981, 100319, 100317, 2
420.001338, 10.000018, 101411, 101406, 5
430.001343, 10.000005, 101812, 101812, 0
440.001334, 9.999991, 102105, 102100, 5
450.001301, 9.999967, 100855, 100855, 0
460.001295, 9.999994, 101970, 101970, 0
470.001461, 10.000166, 101991, 101985, 6
480.001307, 9.999846, 100687, 100687, 0
490.001311, 10.000004, 97589, 97585, 4
500.001348, 10.000037, 103300, 103299, 1
510.001294, 9.999946, 95070, 95070, 0
520.001296, 10.000002, 99552, 99545, 7
530.001326, 10.00003, 103251, 103251, 0
540.001291, 9.999965, 101777, 101776, 1
550.001305, 10.000014, 92820, 92815, 5
560.001298, 9.999993, 103080, 103080, 0
570.001329, 10.000031, 100479, 100477, 2
580.001317, 9.999988, 104437, 104437, 0
590.001364, 10.000047, 101184, 101184, 0
600.002465, 10.001101, 101212, 101210, 2
610.001304, 9.998839, 100808, 100808, 0
620.001296, 9.999992, 103910, 103906, 4
630.001331, 10.000035, 102182, 102182, 0
640.00141, 10.000079, 100688, 100688, 0
650.001295, 9.999885, 101448, 101445, 3
660.001324, 10.000029, 100668, 100668, 0
670.001909, 10.000585, 103306, 103303, 3
680.001323, 9.999414, 102257, 102254, 3
690.001304, 9.999981, 102359, 102359, 0
700.001311, 10.000007, 98576, 98572, 4
710.001362, 10.000051, 102632, 102632, 0
720.001304, 9.999942, 103905, 103904, 1
730.001311, 10.000007, 94397, 94391, 6
740.001785, 10.000474, 102177, 102177, 0
750.001296, 9.999511, 101910, 101902, 8
760.00133, 10.000034, 96624, 96624, 0
770.001305, 9.999975, 101603, 101603, 0
780.00132, 10.000015, 102123, 102119, 4
790.001357, 10.000037, 96111, 96111, 0
800.00133, 9.999973, 97491, 97491, 0
810.001372, 10.000042, 103380, 103372, 8
820.001367, 9.999995, 100472, 100472, 0
830.001332, 9.999965, 102592, 102586, 6
840.001344, 10.000012, 99572, 99572, 0
850.001306, 9.999962, 101133, 101133, 0
860.001324, 10.000018, 99701, 99695, 6
870.001308, 9.999984, 103411, 103411, 0
880.002865, 10.001557, 100948, 100945, 3
890.002529, 9.999664, 103648, 103648, 0
900.001296, 9.998767, 103423, 103423, 0
910.001336, 10.00004, 102000, 101999, 1
920.001296, 9.99996, 101926, 101926, 0
930.001366, 10.00007, 100612, 100610, 2
940.001332, 9.999966, 101185, 101184, 1
950.001346, 10.000014, 100226, 100226, 0
960.001315, 9.999969, 101336, 101335, 1
970.001301, 9.999986, 102327, 102327, 0
980.0013, 9.999999, 102595, 102595, 0
990.00135, 10.00005, 101759, 101752, 7
1000.001305, 9.999955, 100887, 100887, 0
1010.001304, 9.999999, 99642, 99639, 3
1020.001844, 10.00054, 101127, 101127, 0
1030.001389, 9.999545, 100555, 100555, 0
1040.001297, 9.999908, 99054, 99049, 5
1050.002881, 10.001584, 100876, 100876, 0
1060.001503, 9.998622, 102420, 102414, 6
1070.001337, 9.999834, 100857, 100856, 1
1080.001313, 9.999976, 101684, 101684, 0
1090.001589, 10.000276, 99288, 99280, 8
1100.001328, 9.999739, 99461, 99461, 0
1110.00134, 10.000012, 102764, 102764, 0
1120.001306, 9.999966, 100398, 100395, 3
1130.001355, 10.000049, 100560, 100560, 0
1140.001314, 9.999959, 101502, 101494, 8
1150.001324, 10.00001, 101127, 101127, 0
1160.001519, 10.000195, 100447, 100447, 0
1170.002325, 10.000806, 103042, 103041, 1
1180.001327, 9.999002, 101416, 101416, 0
1190.001369, 10.000042, 94469, 94465, 4
1200.001299, 9.99993, 100988, 100984, 4
1210.00132, 10.000021, 103193, 103193, 0
1220.003052, 10.001732, 100180, 100175, 5
1230.001304, 9.998252, 96552, 96552, 0
1240.002876, 10.001572, 98738, 98737, 1
1250.001305, 9.998429, 104039, 104034, 5
1260.001337, 10.000032, 101589, 101589, 0
1270.001319, 9.999982, 99713, 99709, 4
1280.001489, 10.00017, 100475, 100475, 0
1290.001318, 9.999829, 100151, 100151, 0
1300.001343, 10.000025, 97432, 97422, 10
1310.001497, 10.000154, 101791, 101791, 0
1320.00337, 10.001873, 101102, 101099, 3
1330.001302, 9.997932, 100625, 100618, 7
1340.00208, 10.000778, 100485, 100485, 0
1350.000334, 9.998254, 100788, 100777, 11
1360.001312, 10.000978, 94207, 94207, 0
1370.001295, 9.999983, 102835, 102835, 0
1380.001355, 10.00006, 100077, 100072, 5
1390.001316, 9.999961, 101366, 101366, 0
1400.001297, 9.999981, 100553, 100550, 3
1410.00215, 10.000853, 101507, 101507, 0
1420.001368, 9.999218, 102294, 102294, 0
1430.001298, 9.99993, 102245, 102239, 6
1440.001302, 10.000004, 100527, 100527, 0
1450.001358, 10.000056, 100452, 100451, 1
1460.001354, 9.999996, 102049, 102043, 6
1470.00131, 9.999956, 101538, 101538, 0
1480.001367, 10.000057, 102793, 102788, 5
1490.001297, 9.99993, 102874, 102874, 0
1500.001328, 10.000031, 101008, 101007, 1
1510.001296, 9.999968, 100067, 100061, 6
1520.001313, 10.000017, 100483, 100483, 0
1530.002302, 10.000989, 102559, 102554, 5
1540.001299, 9.998997, 98924, 98924, 0
1550.001849, 10.00055, 100978, 100978, 0
1560.001314, 9.999465, 93701, 93697, 4
1570.001349, 10.000035, 103922, 103922, 0
1580.001308, 9.999959, 101845, 101841, 4
1590.001307, 9.999999, 101699, 101696, 3
1600.001516, 10.000209, 101739, 101739, 0
1610.001377, 9.999861, 101936, 101927, 9
1620.001309, 9.999932, 101892, 101892, 0
1630.001342, 10.000033, 97271, 97271, 0
1640.001318, 9.999976, 102592, 102584, 8
1650.001318, 10.0, 101692, 101692, 0
1660.001338, 10.00002, 100846, 100842, 4
1670.001366, 10.000028, 102333, 102333, 0
1680.001298, 9.999932, 100216, 100216, 0
1690.001395, 10.000097, 102815, 102807, 8
1700.001372, 9.999977, 101686, 101686, 0
1710.001344, 9.999972, 101923, 101920, 3
1720.001634, 10.00029, 99930, 99924, 6
1730.001324, 9.99969, 100104, 100104, 0
1740.00251, 10.001186, 101048, 101045, 3
1750.001318, 9.998808, 97214, 97214, 0
1760.001305, 9.999987, 103993, 103992, 1
1770.001673, 10.000368, 100115, 100111, 4
1780.001292, 9.999619, 101049, 101049, 0
1790.00134, 10.000048, 101110, 101108, 2
1800.001318, 9.999978, 102219, 102219, 0
1810.001423, 10.000105, 102154, 102154, 0
1820.001373, 9.99995, 98078, 98072, 6
1830.001306, 9.999933, 100735, 100735, 0
1840.001452, 10.000146, 101562, 101560, 2
1850.0014, 9.999948, 100303, 100301, 2
1860.001674, 10.000274, 93916, 93916, 0
1870.002009, 10.000335, 97932, 97920, 12
1880.001392, 9.999383, 103688, 103688, 0
1890.001307, 9.999915, 99490, 99490, 0
1900.001445, 10.000138, 101672, 101670, 2
1910.004673, 10.003228, 99188, 99188, 0
1920.001322, 9.996649, 100710, 100704, 6
1930.001351, 10.000029, 101309, 101307, 2
1940.001373, 10.000022, 101088, 101088, 0
1950.001318, 9.999945, 100695, 100689, 6
1960.00132, 10.000002, 103181, 103181, 0
1970.00132, 10.0, 101779, 101776, 3
1980.001353, 10.000033, 101484, 101483, 1
1990.001492, 10.000139, 99974, 99974, 0
2000.001731, 10.000239, 100639, 100636, 3
2010.001291, 9.99956, 100635, 100635, 0
2020.001312, 10.000021, 100785, 100785, 0
2030.001529, 10.000217, 101785, 101777, 8
2040.001313, 9.999784, 94305, 94305, 0
2050.001331, 10.000018, 101081, 101077, 4
2060.001343, 10.000012, 101515, 101514, 1
2070.001305, 9.999962, 101952, 101952, 0
2080.001369, 10.000064, 101620, 101613, 7
2090.001302, 9.999933, 100410, 100410, 0
2100.001302, 10.0, 103881, 103880, 1
2110.00132, 10.000018, 100481, 100479, 2
2120.001423, 10.000103, 99040, 99040, 0
2130.001309, 9.999886, 97084, 97078, 6
2140.001313, 10.000004, 99688, 99688, 0
2150.001458, 10.000145, 104666, 104665, 1
2160.00131, 9.999852, 100447, 100444, 3
2170.004382, 10.003072, 99095, 99095, 0
2180.001304, 9.996922, 101510, 101507, 3
2190.001313, 10.000009, 100692, 100691, 1
2200.001328, 10.000015, 100308, 100308, 0
2210.001361, 10.000033, 101731, 101726, 5
2220.001312, 9.999951, 100838, 100838, 0
2230.001292, 9.99998, 101001, 101000, 1
2240.001307, 10.000015, 102078, 102074, 4
2250.001318, 10.000011, 94877, 94877, 0
2260.001296, 9.999978, 102232, 102226, 6
2270.00132, 10.000024, 102634, 102634, 0
2280.001313, 9.999993, 100766, 100766, 0
2290.001314, 10.000001, 100815, 100805, 10
2300.001464, 10.00015, 98991, 98991, 0
2310.001319, 9.999855, 102298, 102297, 1
2320.001313, 9.999994, 99786, 99784, 2
2330.001304, 9.999991, 99867, 99867, 0
2340.00169, 10.000386, 99471, 99468, 3
2350.001346, 9.999656, 100990, 100990, 0
2360.001412, 10.000066, 100703, 100703, 0
2370.001309, 9.999897, 101517, 101512, 5
2380.001328, 10.000019, 103184, 103184, 0
2390.001318, 9.99999, 101762, 101754, 8
2400.001308, 9.99999, 97074, 97074, 0
2410.001628, 10.00032, 101516, 101516, 0
2420.001701, 10.000073, 102079, 102074, 5
2430.003558, 10.001857, 96835, 96835, 0
2440.001316, 9.997758, 102955, 102953, 2
2450.001305, 9.999989, 102819, 102818, 1
2460.001291, 9.999986, 102008, 102008, 0
2470.001306, 10.000015, 99730, 99720, 10
2480.001329, 10.000023, 100041, 100041, 0
2490.001474, 10.000145, 99644, 99644, 0
2500.001322, 9.999848, 102540, 102539, 1
2510.001348, 10.000026, 101898, 101898, 0
2520.001351, 10.000003, 101358, 101355, 3
2530.001319, 9.999968, 100053, 100053, 0
2540.001347, 10.000028, 97187, 97187, 0
2550.0013, 9.999953, 101501, 101496, 5
2560.001443, 10.000143, 100191, 100191, 0
2570.001358, 9.999915, 101128, 101122, 6
2580.001312, 9.999954, 100684, 100683, 1
2590.001307, 9.999995, 101385, 101385, 0
2600.001318, 10.000011, 101388, 101381, 7
2610.001515, 10.000197, 101836, 101836, 0
2620.001303, 9.999788, 100763, 100762, 1
2630.001293, 9.99999, 100160, 100157, 3
2640.001316, 10.000023, 96547, 96547, 0
2650.00132, 10.000004, 102823, 102815, 8
2660.001451, 10.000131, 98940, 98939, 1
2670.001316, 9.999865, 100449, 100449, 0
2680.001312, 9.999996, 100794, 100789, 5
2690.001334, 10.000022, 100490, 100490, 0
2700.001297, 9.999963, 102274, 102267, 7
2710.001349, 10.000052, 95500, 95498, 2
2720.001303, 9.999954, 101799, 101799, 0
2730.001325, 10.000022, 100843, 100839, 4
2740.001598, 10.000273, 99770, 99770, 0
2750.001313, 9.999715, 100686, 100685, 1
2760.001297, 9.999984, 99400, 99397, 3
2770.00132, 10.000023, 102203, 102203, 0
2780.001305, 9.999985, 98394, 98393, 1
2790.002814, 10.001509, 105431, 105430, 1
2800.001319, 9.998505, 99681, 99681, 0
2810.001499, 10.00018, 97224, 97221, 3
2820.001328, 9.999829, 103644, 103644, 0
2830.00133, 10.000002, 97303, 97301, 2
2840.001318, 9.999988, 99914, 99911, 3
2850.001311, 9.999993, 102427, 102427, 0
2860.001309, 9.999998, 96766, 96759, 7
2870.001296, 9.999987, 104115, 104114, 1
2880.0013, 10.000004, 101682, 101682, 0
2890.001321, 10.000021, 102110, 102105, 5
2900.001366, 10.000045, 100210, 100210, 0
2910.001332, 9.999966, 100970, 100958, 12
2920.001326, 9.999994, 101917, 101916, 1
2930.001323, 9.999997, 101897, 101896, 1
2940.001524, 10.000201, 101533, 101531, 2
2950.00129, 9.999766, 101109, 101109, 0
2960.00161, 10.00032, 100062, 100058, 4
2970.001313, 9.999703, 98891, 98887, 4
2980.001547, 10.000234, 101123, 101123, 0
2990.001317, 9.99977, 101660, 101652, 8
3000.001546, 10.000229, 99831, 99831, 0
3010.001305, 9.999759, 98424, 98424, 0
3020.001345, 10.00004, 100988, 100981, 7
3030.001318, 9.999973, 99988, 99988, 0
3040.001306, 9.999988, 102186, 102182, 4
3050.001325, 10.000019, 101635, 101635, 0
3060.001291, 9.999966, 101335, 101335, 0
3070.0021, 10.000809, 100640, 100631, 9
3080.001708, 9.999608, 101387, 101387, 0
3090.001442, 9.999734, 101558, 101555, 3
3100.001333, 9.999891, 100781, 100776, 5
3110.002642, 10.001309, 100011, 100011, 0
3120.00031, 9.997668, 100666, 100658, 8
3130.001416, 10.001106, 98432, 98432, 0
3140.001292, 9.999876, 101949, 101949, 0
3150.001294, 10.000002, 101431, 101426, 5
3160.001308, 10.000014, 102731, 102731, 0
3170.0013, 9.999992, 102429, 102421, 8
3180.001469, 10.000169, 99296, 99296, 0
3190.00133, 9.999861, 101905, 101905, 0
3200.001344, 10.000014, 98763, 98757, 6
3210.001391, 10.000047, 103617, 103617, 0
3220.001335, 9.999944, 100711, 100707, 4
3230.001319, 9.999984, 99924, 99924, 0
3240.00135, 10.000031, 100185, 100185, 0
3250.001315, 9.999965, 100309, 100307, 2
3260.001435, 10.00012, 99729, 99729, 0
3270.002268, 10.000833, 101784, 101783, 1
3280.0003, 9.998032, 100518, 100505, 13
3290.001299, 10.000999, 101025, 101025, 0
3300.001319, 10.00002, 99098, 99090, 8
3310.001299, 9.99998, 103687, 103686, 1
3320.0013, 10.000001, 96271, 96271, 0
3330.001311, 10.000011, 101083, 101076, 7
3340.001313, 10.000002, 100163, 100163, 0
3350.001307, 9.999994, 95057, 95053, 4
3360.001334, 10.000027, 101767, 101762, 5
3370.001315, 9.999981, 100090, 100090, 0
3380.001361, 10.000046, 100120, 100112, 8
3390.001445, 10.000084, 96300, 96299, 1
3400.001302, 9.999857, 100891, 100891, 0
3410.001342, 10.00004, 101140, 101136, 4
3420.001302, 9.99996, 99750, 99750, 0
3430.002534, 10.001232, 99769, 99765, 4
3440.001331, 9.998797, 97320, 97318, 2
3450.001323, 9.999992, 93680, 93680, 0
3460.001357, 10.000034, 97789, 97780, 9
3470.001292, 9.999935, 102984, 102984, 0
3480.001305, 10.000013, 100012, 100012, 0
3490.001328, 10.000023, 100274, 100272, 2
3500.001323, 9.999995, 101174, 101174, 0
3510.001314, 9.999991, 99968, 99967, 1
3520.001342, 10.000028, 94160, 94158, 2
3530.001304, 9.999962, 103000, 103000, 0
3540.001347, 10.000043, 99842, 99835, 7
3550.0013, 9.999953, 102848, 102848, 0
3560.001363, 10.000063, 94677, 94677, 0
3570.001333, 9.99997, 100542, 100540, 2
3580.00172, 10.000387, 104511, 104511, 0
3590.001796, 10.000076, 100584, 100578, 6
3600.001355, 9.999559, 94871, 94870, 1
3610.001292, 9.999937, 102653, 102653, 0
3620.00133, 10.000038, 98796, 98795, 1
3630.001331, 10.000001, 96774, 96774, 0
3640.001356, 10.000025, 102130, 102129, 1
3650.001356, 10.0, 100916, 100913, 3
3660.0013, 9.999944, 101356, 101356, 0
3670.001301, 10.000001, 101923, 101915, 8
3680.001356, 10.000055, 102146, 102146, 0
3690.002582, 10.001226, 99966, 99966, 0
3700.00132, 9.998738, 93241, 93229, 12
3710.002535, 10.001215, 103774, 103774, 0
3720.000292, 9.997757, 99767, 99760, 7
3730.001304, 10.001012, 100549, 100548, 1
3740.001386, 10.000082, 100118, 100118, 0
3750.00132, 9.999934, 98017, 98012, 5
3760.001329, 10.000009, 104176, 104176, 0
3770.001584, 10.000255, 96698, 96698, 0
3780.001602, 10.000018, 101911, 101909, 2
3790.001288, 9.999686, 100808, 100808, 0
3800.001343, 10.000055, 100982, 100975, 7
3810.001757, 10.000414, 102019, 102019, 0
3820.001315, 9.999558, 102547, 102547, 0
3830.001337, 10.000022, 98966, 98962, 4
3840.003655, 10.002318, 100100, 100100, 0
3850.001309, 9.997654, 94262, 94261, 1
3860.00131, 10.000001, 100556, 100552, 4
3870.001304, 9.999994, 101999, 101999, 0
3880.001307, 10.000003, 100740, 100737, 3
3890.001425, 10.000118, 94567, 94567, 0
3900.001529, 10.000104, 103901, 103901, 0
3910.001312, 9.999783, 94471, 94465, 6
3920.001313, 10.000001, 102646, 102646, 0
3930.00133, 10.000017, 103008, 103005, 3
3940.001306, 9.999976, 97768, 97768, 0
3950.001974, 10.000668, 98684, 98684, 0
3960.001364, 9.99939, 100484, 100477, 7
3970.001338, 9.999974, 99511, 99511, 0
3980.001659, 10.000321, 103392, 103392, 0
3990.001301, 9.999642, 101434, 101427, 7
4000.001296, 9.999995, 100895, 100895, 0
4010.001292, 9.999996, 92184, 92184, 0
4020.001291, 9.999999, 102377, 102377, 0
4030.001367, 10.000076, 100532, 100532, 0
4040.001383, 10.000016, 100103, 100097, 6
4050.001681, 10.000298, 101387, 101387, 0
4060.001323, 9.999642, 100651, 100649, 2
4070.002185, 10.000862, 99522, 99519, 3
4080.000295, 9.99811, 101363, 101363, 0
4090.003829, 10.003534, 95211, 95208, 3
4100.001414, 9.997585, 103276, 103275, 1
4110.00134, 9.999926, 102315, 102313, 2
4120.001326, 9.999986, 99585, 99581, 4
4130.001297, 9.999971, 102302, 102302, 0
4140.001299, 10.000002, 100170, 100164, 6
4150.00131, 10.000011, 101372, 101371, 1
4160.001326, 10.000016, 100485, 100483, 2
4170.001354, 10.000028, 97713, 97705, 8
4180.001355, 10.000001, 100885, 100885, 0
4190.001307, 9.999952, 100071, 100070, 1
4200.001333, 10.000026, 101449, 101449, 0
4210.001475, 10.000142, 99572, 99572, 0
4220.001312, 9.999837, 98831, 98823, 8
4230.001318, 10.000006, 102706, 102706, 0
4240.001316, 9.999998, 99580, 99580, 0
4250.001301, 9.999985, 100469, 100462, 7
4260.001337, 10.000036, 102598, 102598, 0
4270.001308, 9.999971, 101335, 101332, 3
4280.00131, 10.000002, 102904, 102903, 1
4290.001333, 10.000023, 102055, 102054, 1
4300.001311, 9.999978, 101502, 101495, 7
4310.003461, 10.00215, 96977, 96977, 0
4320.001311, 9.99785, 101286, 101284, 2
4330.00143, 10.000119, 101572, 101569, 3
4340.001311, 9.999881, 98144, 98144, 0
4350.001309, 9.999998, 102180, 102173, 7
4360.001301, 9.999992, 99831, 99831, 0
4370.001302, 10.000001, 101436, 101436, 0
4380.001363, 10.000061, 100002, 100000, 2
4390.001324, 9.999961, 100034, 100034, 0
4400.001314, 9.99999, 101842, 101836, 6
4410.001358, 10.000044, 99315, 99314, 1
4420.001322, 9.999964, 101545, 101545, 0
4430.001316, 9.999994, 100948, 100943, 5
4440.001299, 9.999983, 96699, 96699, 0
4450.001299, 10.0, 101790, 101790, 0
4460.001364, 10.000065, 101441, 101439, 2
4470.001334, 9.99997, 99956, 99956, 0
4480.001361, 10.000027, 101741, 101738, 3
4490.001312, 9.999951, 100689, 100689, 0
4500.001313, 10.000001, 99600, 99600, 0
4510.001315, 10.000002, 102007, 102006, 1
4520.001325, 10.00001, 98014, 98014, 0
4530.001317, 9.999992, 95285, 95282, 3
4540.00129, 9.999973, 101612, 101610, 2
4550.001299, 10.000009, 100094, 100094, 0
4560.001861, 10.000562, 100388, 100381, 7
4570.001372, 9.999511, 102162, 102161, 1
4580.00133, 9.999958, 99500, 99497, 3
4590.001508, 10.000178, 100033, 100031, 2
4600.001333, 9.999825, 100216, 100216, 0
4610.001306, 9.999973, 101399, 101395, 4
4620.001316, 10.00001, 102189, 102188, 1
4630.001298, 9.999982, 100783, 100783, 0
4640.001338, 10.00004, 100872, 100868, 4
4650.001319, 9.999981, 101219, 101219, 0
4660.001305, 9.999986, 101384, 101380, 4
4670.001298, 9.999993, 100271, 100270, 1
4680.001499, 10.000201, 101319, 101319, 0
4690.001337, 9.999838, 99401, 99397, 4
4700.001299, 9.999962, 100723, 100723, 0
4710.001296, 9.999997, 100196, 100195, 1
4720.001338, 10.000042, 101214, 101209, 5
4730.001351, 10.000013, 100253, 100253, 0
4740.001336, 9.999985, 102350, 102348, 2
4750.001334, 9.999998, 101149, 101149, 0
4760.001303, 9.999969, 101502, 101502, 0
4770.001341, 10.000038, 100980, 100975, 5
4780.001455, 10.000114, 100306, 100306, 0
4790.001308, 9.999853, 100118, 100114, 4
4800.001303, 9.999995, 102156, 102153, 3
4810.001327, 10.000024, 95734, 95734, 0
4820.001312, 9.999985, 101279, 101279, 0
4830.00132, 10.000008, 100749, 100749, 0
4840.0013, 9.99998, 101502, 101501, 1
4850.001484, 10.000184, 99018, 99015, 3
4860.001287, 9.999803, 102924, 102924, 0
4870.001393, 10.000106, 101608, 101601, 7
4880.002633, 10.00124, 100862, 100860, 2
4890.001682, 9.999049, 101112, 101112, 0
4900.00132, 9.999638, 96539, 96532, 7
4910.001295, 9.999975, 103731, 103731, 0
4920.001292, 9.999997, 101008, 101007, 1
4930.001319, 10.000027, 97471, 97470, 1
4940.001314, 9.999995, 102258, 102258, 0
4950.004323, 10.003009, 102816, 102812, 4
4960.000356, 9.996033, 100350, 100350, 0
4970.001297, 10.000941, 100163, 100163, 0
4980.001438, 10.000141, 100954, 100948, 6
4990.001318, 9.99988, 99541, 99541, 0
5000.001454, 10.000136, 101219, 101212, 7
5010.001305, 9.999851, 97703, 97702, 1
5020.001318, 10.000013, 101187, 101187, 0
5030.00134, 10.000022, 102746, 102739, 7
5040.001354, 10.000014, 97122, 97122, 0
5050.001301, 9.999947, 101782, 101778, 4
5060.001749, 10.000448, 100460, 100459, 1
5070.001363, 9.999614, 101868, 101868, 0
5080.001318, 9.999955, 100785, 100781, 4
5090.001305, 9.999987, 100401, 100400, 1
5100.003572, 10.002267, 99965, 99964, 1
5110.001334, 9.997762, 102742, 102736, 6
5120.001409, 10.000075, 96641, 96641, 0
5130.0013, 9.999891, 101041, 101038, 3
5140.001376, 10.000076, 99568, 99566, 2
5150.001311, 9.999935, 100143, 100143, 0
5160.001311, 10.0, 102377, 102370, 7
5170.001306, 9.999995, 102301, 102301, 0
5180.00131, 10.000004, 102710, 102705, 5
5190.001306, 9.999996, 100361, 100360, 1
5200.001454, 10.000148, 101704, 101704, 0
5210.001332, 9.999878, 100654, 100649, 5
5220.001301, 9.999969, 98904, 98904, 0
5230.001352, 10.000051, 93305, 93304, 1
5240.001416, 10.000064, 101729, 101723, 6
5250.001317, 9.999901, 98544, 98544, 0
5260.001387, 10.00007, 101223, 101216, 7
5270.0015, 10.000113, 102122, 102122, 0
5280.001479, 9.999979, 98347, 98347, 0
5290.001305, 9.999826, 101047, 101042, 5
5300.001315, 10.00001, 100555, 100555, 0
5310.001313, 9.999998, 94720, 94719, 1
5320.001415, 10.000102, 103516, 103511, 5
5330.001326, 9.999911, 100947, 100947, 0
5340.001494, 10.000168, 99881, 99876, 5
5350.001322, 9.999828, 101049, 101048, 1
5360.0013, 9.999978, 100439, 100439, 0
5370.001339, 10.000039, 95697, 95691, 6
5380.001624, 10.000285, 96377, 96377, 0
5390.001763, 10.000139, 102494, 102493, 1
5400.001309, 9.999546, 98502, 98498, 4
5410.001319, 10.00001, 102721, 102721, 0
5420.001344, 10.000025, 94848, 94845, 3
5430.001379, 10.000035, 101330, 101329, 1
5440.001287, 9.999908, 100138, 100138, 0
5450.001307, 10.00002, 100688, 100685, 3
5460.002841, 10.001534, 98963, 98963, 0
5470.001311, 9.99847, 102755, 102749, 6
5480.001316, 10.000005, 102101, 102100, 1
5490.00134, 10.000024, 103609, 103609, 0
5500.001318, 9.999978, 101741, 101739, 2
5510.001306, 9.999988, 100100, 100100, 0
5520.001306, 10.0, 98218, 98218, 0
5530.001294, 9.999988, 99728, 99718, 10
5540.001313, 10.000019, 100288, 100288, 0
5550.001314, 10.000001, 102005, 102002, 3
5560.001307, 9.999993, 100215, 100215, 0
5570.001506, 10.000199, 100136, 100135, 1
5580.001338, 9.999832, 100746, 100738, 8
5590.001347, 10.000009, 102442, 102442, 0
5600.001318, 9.999971, 102399, 102394, 5
5610.002097, 10.000779, 101403, 101403, 0
5620.001618, 9.999521, 101609, 101607, 2
5630.001331, 9.999713, 100352, 100348, 4
5640.001699, 10.000368, 100901, 100901, 0
5650.001293, 9.999594, 100942, 100942, 0
5660.001316, 10.000023, 101296, 101294, 2
5670.0013, 9.999984, 102829, 102829, 0
5680.001322, 10.000022, 101261, 101259, 2
5690.001449, 10.000127, 101114, 101113, 1
5700.001315, 9.999866, 101807, 101806, 1
5710.001388, 10.000073, 96927, 96925, 2
5720.001338, 9.99995, 101802, 101802, 0
5730.001305, 9.999967, 99664, 99658, 6
5740.001347, 10.000042, 100316, 100315, 1
5750.001303, 9.999956, 102275, 102275, 0
5760.001394, 10.000091, 99453, 99446, 7
5770.001306, 9.999912, 101002, 101002, 0
5780.001301, 9.999995, 100540, 100540, 0
5790.001348, 10.000047, 99361, 99354, 7
5800.001391, 10.000043, 94729, 94729, 0
5810.001338, 9.999947, 99541, 99537, 4
5820.001321, 9.999983, 100304, 100302, 2
5830.001435, 10.000114, 100556, 100556, 0
5840.002311, 10.000876, 101208, 101201, 7
5850.001303, 9.998992, 101032, 101031, 1
5860.001407, 10.000104, 98230, 98229, 1
5870.002293, 10.000886, 103072, 103069, 3
5880.002274, 9.999981, 100854, 100854, 0
5890.001293, 9.999019, 100842, 100831, 11
5900.00132, 10.000027, 103746, 103746, 0
5910.001596, 10.000276, 102376, 102374, 2
5920.002169, 10.000573, 103742, 103737, 5
5930.001304, 9.999135, 100747, 100747, 0
5940.001732, 10.000428, 100603, 100594, 9
5950.001361, 9.999629, 101316, 101316, 0
5960.001379, 10.000018, 101353, 101353, 0
5970.001303, 9.999924, 100806, 100800, 6
5980.001321, 10.000018, 100802, 100802, 0
5990.001311, 9.99999, 102147, 102142, 5
6000.001439, 10.000128, 99059, 99054, 5
6010.001357, 9.999918, 102475, 102475, 0
6020.001349, 9.999992, 101648, 101645, 3
6030.001346, 9.999997, 100576, 100576, 0
6040.001301, 9.999955, 95737, 95736, 1
6050.002572, 10.001271, 104277, 104276, 1
6060.001414, 9.998842, 96046, 96046, 0
6070.001401, 9.999987, 98074, 98068, 6
6080.001294, 9.999893, 102614, 102613, 1
6090.001308, 10.000014, 100323, 100323, 0
6100.001344, 10.000036, 99925, 99921, 4
6110.001312, 9.999968, 97681, 97681, 0
6120.001373, 10.000061, 93728, 93727, 1
6130.001483, 10.00011, 101508, 101507, 1
6140.001411, 9.999928, 98840, 98840, 0
6150.001308, 9.999897, 100586, 100576, 10
6160.00134, 10.000032, 102497, 102496, 1
6170.001292, 9.999952, 100577, 100577, 0
6180.001306, 10.000014, 100200, 100195, 5
6190.001324, 10.000018, 100256, 100256, 0
6200.002234, 10.00091, 100387, 100385, 2
6210.001305, 9.999071, 100004, 100001, 3
6220.00135, 10.000045, 100712, 100712, 0
6230.001313, 9.999963, 100339, 100334, 5
6240.001299, 9.999986, 100121, 100121, 0
6250.001625, 10.000326, 102765, 102761, 4
6260.001298, 9.999673, 98925, 98923, 2
6270.001297, 9.999999, 101438, 101438, 0
6280.001317, 10.00002, 100138, 100132, 6
6290.001315, 9.999998, 103207, 103207, 0
6300.001334, 10.000019, 101488, 101487, 1
6310.001327, 9.999993, 100566, 100564, 2
6320.001306, 9.999979, 103282, 103282, 0
6330.001601, 10.000295, 101153, 101149, 4
6340.001313, 9.999712, 99304, 99301, 3
6350.00135, 10.000037, 101483, 101483, 0
6360.00132, 9.99997, 100468, 100464, 4
6370.001299, 9.999979, 102973, 102972, 1
6380.0013, 10.000001, 100883, 100882, 1
6390.001297, 9.999997, 97708, 97706, 2
6400.001333, 10.000036, 102268, 102268, 0
6410.001314, 9.999981, 96306, 96300, 6
6420.001326, 10.000012, 101421, 101420, 1
6430.00222, 10.000894, 100947, 100946, 1
6440.000395, 9.998175, 94350, 94343, 7
6450.001312, 10.000917, 104317, 104317, 0
6460.001369, 10.000057, 100641, 100639, 2
6470.001344, 9.999975, 100894, 100893, 1
6480.001302, 9.999958, 98319, 98319, 0
6490.001302, 10.0, 98601, 98597, 4
6500.001417, 10.000115, 104323, 104323, 0
6510.001386, 9.999969, 100969, 100968, 1
6520.001319, 9.999933, 99547, 99541, 6
6530.001373, 10.000054, 96169, 96169, 0
6540.002025, 10.000652, 104153, 104148, 5
6550.001326, 9.999301, 101172, 101172, 0
6560.001444, 10.000118, 92711, 92711, 0
6570.001335, 9.999891, 104400, 104397, 3
6580.001323, 9.999988, 101549, 101549, 0
6590.001301, 9.999978, 97913, 97912, 1
6600.001306, 10.000005, 102656, 102654, 2
6610.001331, 10.000025, 100108, 100108, 0
6620.00142, 10.000089, 102499, 102495, 4
6630.00132, 9.9999, 101973, 101973, 0
6640.001307, 9.999987, 100679, 100679, 0
6650.001338, 10.000031, 99405, 99403, 2
6660.001306, 9.999968, 100401, 100401, 0
6670.001298, 9.999992, 100561, 100558, 3
6680.001311, 10.000013, 101866, 101864, 2
6690.001315, 10.000004, 96161, 96161, 0
6700.001484, 10.000169, 97549, 97546, 3
6710.001323, 9.999839, 102164, 102164, 0
6720.001295, 9.999972, 95493, 95493, 0
6730.001303, 10.000008, 101472, 101470, 2
6740.001371, 10.000068, 103017, 103017, 0
6750.001326, 9.999955, 99332, 99328, 4
6760.001471, 10.000145, 103997, 103997, 0
6770.001332, 9.999861, 100344, 100344, 0
6780.001293, 9.999961, 101838, 101833, 5
6790.00133, 10.000037, 100817, 100817, 0
6800.001626, 10.000296, 100834, 100826, 8
6810.001321, 9.999695, 97355, 97351, 4
6820.001918, 10.000597, 100012, 100012, 0
6830.001296, 9.999378, 98342, 98333, 9
6840.001311, 10.000015, 103244, 103244, 0
6850.001309, 9.999998, 101661, 101658, 3
6860.001876, 10.000567, 99773, 99768, 5
6870.001299, 9.999423, 96221, 96221, 0
6880.001315, 10.000016, 102474, 102470, 4
6890.001402, 10.000087, 101184, 101184, 0
6900.001447, 10.000045, 96947, 96947, 0
6910.001391, 9.999944, 102349, 102342, 7
6920.001298, 9.999907, 101290, 101290, 0
6930.001289, 9.999991, 101393, 101390, 3
6940.001422, 10.000133, 100956, 100952, 4
6950.001347, 9.999925, 100708, 100708, 0
6960.001301, 9.999954, 92750, 92745, 5
6970.001443, 10.000142, 103536, 103535, 1
6980.001314, 9.999871, 102973, 102973, 0
6990.001334, 10.00002, 101574, 101571, 3
7000.002849, 10.001515, 104287, 104287, 0
7010.001304, 9.998455, 102862, 102859, 3
7020.001309, 10.000005, 100299, 100298, 1
7030.00176, 10.000451, 102084, 102084, 0
7040.001353, 9.999593, 101682, 101671, 11
7050.001308, 9.999955, 100089, 100089, 0
7060.00133, 10.000022, 102475, 102471, 4
7070.00131, 9.99998, 101872, 101870, 2
7080.00249, 10.00118, 100770, 100769, 1
7090.001326, 9.998836, 99720, 99713, 7
7100.001291, 9.999965, 100754, 100754, 0
7110.001296, 10.000005, 99661, 99661, 0
7120.002131, 10.000835, 99947, 99940, 7
7130.000341, 9.99821, 102889, 102889, 0
7140.00131, 10.000969, 100215, 100213, 2
7150.001344, 10.000034, 100139, 100139, 0
7160.001297, 9.999953, 100965, 100965, 0
7170.002534, 10.001237, 102384, 102378, 6
7180.001327, 9.998793, 102068, 102068, 0
7190.001295, 9.999968, 98414, 98411, 3
7200.001336, 10.000041, 101630, 101628, 2
7210.001325, 9.999989, 100697, 100697, 0
7220.001793, 10.000468, 104534, 104528, 6
7230.001306, 9.999513, 101257, 101257, 0
7240.001335, 10.000029, 102133, 102132, 1
7250.001319, 9.999984, 102353, 102351, 2
7260.001378, 10.000059, 101686, 101686, 0
7270.00134, 9.999962, 98686, 98684, 2
7280.003748, 10.002408, 99710, 99710, 0
7290.001321, 9.997573, 91441, 91440, 1
7300.001305, 9.999984, 103180, 103176, 4
7310.001637, 10.000332, 100667, 100667, 0
7320.001319, 9.999682, 102941, 102936, 5
7330.001374, 10.000055, 101267, 101267, 0
7340.001298, 9.999924, 103730, 103730, 0
7350.001303, 10.000005, 99571, 99562, 9
7360.001321, 10.000018, 101814, 101814, 0
7370.001305, 9.999984, 101153, 101152, 1
7380.001378, 10.000073, 95238, 95237, 1
7390.001375, 9.999997, 99939, 99939, 0
7400.001326, 9.999951, 103804, 103799, 5
7410.001341, 10.000015, 101342, 101342, 0
7420.001316, 9.999975, 101519, 101518, 1
7430.001686, 10.00037, 98283, 98276, 7
7440.001349, 9.999663, 102116, 102116, 0
7450.003351, 10.002002, 100979, 100977, 2
7460.001308, 9.997957, 102135, 102135, 0
7470.001352, 10.000044, 100756, 100756, 0
7480.001295, 9.999943, 102130, 102124, 6
7490.001343, 10.000048, 100009, 100009, 0
7500.001789, 10.000446, 99700, 99700, 0
7510.001308, 9.999519, 100984, 100982, 2
7520.001343, 10.000035, 100392, 100392, 0
7530.001316, 9.999973, 101449, 101446, 3
7540.001328, 10.000012, 100629, 100628, 1
7550.001467, 10.000139, 99921, 99921, 0
7560.001334, 9.999867, 103445, 103443, 2
7570.001314, 9.99998, 99818, 99818, 0
7580.001302, 9.999988, 100674, 100671, 3
7590.001451, 10.000149, 99725, 99724, 1
7600.002309, 10.000858, 101333, 101333, 0
7610.00145, 9.999141, 98795, 98790, 5
7620.00132, 9.99987, 98067, 98067, 0
7630.001317, 9.999997, 100843, 100843, 0
7640.001325, 10.000008, 98468, 98467, 1
7650.001301, 9.999976, 103819, 103819, 0
7660.001342, 10.000041, 100650, 100647, 3
7670.001322, 9.99998, 100540, 100540, 0
7680.001332, 10.00001, 99934, 99933, 1
7690.001355, 10.000023, 98622, 98616, 6
7700.001343, 9.999988, 98339, 98339, 0
7710.001315, 9.999972, 103445, 103444, 1
7720.00171, 10.000395, 101155, 101153, 2
7730.001394, 9.999684, 100757, 100757, 0
7740.001343, 9.999949, 101298, 101293, 5
7750.001322, 9.999979, 100020, 100019, 1
7760.001323, 10.000001, 101609, 101608, 1
7770.001335, 10.000012, 102655, 102648, 7
7780.001312, 9.999977, 100815, 100814, 1
7790.001297, 9.999985, 101155, 101152, 3
7800.001405, 10.000108, 97468, 97464, 4
7810.001333, 9.999928, 101553, 101553, 0
7820.001303, 9.99997, 99189, 99186, 3
7830.00185, 10.000547, 100835, 100835, 0
7840.001295, 9.999445, 104054, 104052, 2
7850.001371, 10.000076, 102232, 102232, 0
7860.00132, 9.999949, 100824, 100824, 0
7870.00131, 9.99999, 101651, 101643, 8
7880.001317, 10.000007, 99603, 99602, 1
7890.001332, 10.000015, 101050, 101049, 1
7900.001295, 9.999963, 99051, 99046, 5
7910.001292, 9.999997, 100085, 100085, 0
7920.002034, 10.000742, 97194, 97192, 2
7930.001299, 9.999265, 101508, 101508, 0
7940.001484, 10.000185, 99201, 99200, 1
7950.001874, 10.00039, 103032, 103025, 7
7960.00143, 9.999556, 101780, 101780, 0
7970.001351, 9.999921, 100178, 100177, 1
7980.001369, 10.000018, 97437, 97436, 1
7990.001356, 9.999987, 102758, 102758, 0
8000.001397, 10.000041, 99347, 99343, 4
8010.001399, 10.000002, 99820, 99819, 1
8020.001325, 9.999926, 101040, 101040, 0
8030.001325, 10.0, 100566, 100564, 2
8040.001294, 9.999969, 98964, 98964, 0
8050.001352, 10.000058, 102102, 102096, 6
8060.001847, 10.000495, 102929, 102929, 0
8070.001308, 9.999461, 97401, 97400, 1
8080.001315, 10.000007, 102961, 102954, 7
8090.001486, 10.000171, 93987, 93986, 1
8100.001327, 9.999841, 103728, 103725, 3
8110.001904, 10.000577, 101004, 101002, 2
8120.001316, 9.999412, 98936, 98936, 0
8130.001314, 9.999998, 96523, 96521, 2
8140.001308, 9.999994, 102727, 102727, 0
8150.001328, 10.00002, 102320, 102319, 1
8160.001338, 10.00001, 100336, 100332, 4
8170.001316, 9.999978, 100972, 100972, 0
8180.001316, 10.0, 102031, 102028, 3
8190.00131, 9.999994, 99986, 99986, 0
8200.001303, 9.999993, 92191, 92191, 0
8210.001383, 10.00008, 99591, 99585, 6
8220.001324, 9.999941, 103122, 103122, 0
8230.001307, 9.999983, 102193, 102193, 0
8240.00139, 10.000083, 98810, 98809, 1
8250.002414, 10.001024, 102389, 102389, 0
8260.000323, 9.997909, 100703, 100702, 1
8270.001375, 10.001052, 99635, 99634, 1
8280.001428, 10.000053, 98689, 98689, 0
8290.005422, 10.003994, 100281, 100272, 9
8300.001409, 9.995987, 102370, 102369, 1
8310.001578, 10.000169, 94428, 94425, 3
8320.00215, 10.000572, 102687, 102684, 3
8330.001319, 9.999169, 102673, 102673, 0
8340.001331, 10.000012, 102152, 102148, 4
8350.001336, 10.000005, 100429, 100429, 0
8360.001418, 10.000082, 100736, 100736, 0
8370.002106, 10.000688, 99370, 99367, 3
8380.001334, 9.999228, 101295, 101295, 0
8390.001468, 10.000134, 101912, 101908, 4
8400.001314, 9.999846, 99467, 99466, 1
8410.001312, 9.999998, 100294, 100294, 0
8420.001634, 10.000322, 102874, 102871, 3
8430.001293, 9.999659, 98116, 98115, 1
8440.001353, 10.00006, 94925, 94923, 2
8450.001905, 10.000552, 103915, 103912, 3
8460.001359, 9.999454, 102436, 102436, 0
8470.001365, 10.000006, 98428, 98424, 4
8480.002397, 10.001032, 103688, 103687, 1
8490.001324, 9.998927, 102245, 102244, 1
8500.001317, 9.999993, 101468, 101462, 6
8510.001301, 9.999984, 100767, 100767, 0
8520.001361, 10.00006, 100187, 100182, 5
8530.001304, 9.999943, 101032, 101031, 1
8540.001682, 10.000378, 99597, 99597, 0
8550.001298, 9.999616, 101052, 101048, 4
8560.00132, 10.000022, 101129, 101129, 0
8570.001304, 9.999984, 102012, 102009, 3
8580.001331, 10.000027, 100387, 100381, 6
8590.001307, 9.999976, 100614, 100614, 0
8600.001329, 10.000022, 99957, 99954, 3
8610.001319, 9.99999, 98946, 98946, 0
8620.001328, 10.000009, 99976, 99975, 1
8630.001343, 10.000015, 99224, 99218, 6
8640.001372, 10.000029, 101621, 101621, 0
8650.001309, 9.999937, 100592, 100584, 8
8660.00137, 10.000061, 101444, 101442, 2
8670.00132, 9.99995, 99945, 99945, 0
8680.002089, 10.000769, 93596, 93592, 4
8690.001366, 9.999277, 103245, 103245, 0
8700.001534, 10.000168, 101992, 101989, 3
8710.001309, 9.999775, 98296, 98292, 4
8720.001358, 10.000049, 92595, 92594, 1
8730.001329, 9.999971, 103161, 103157, 4
8740.001306, 9.999977, 100800, 100796, 4
8750.001319, 10.000013, 98850, 98850, 0
8760.001384, 10.000065, 99261, 99257, 4
8770.001502, 10.000118, 101809, 101809, 0
8780.001298, 9.999796, 101023, 101017, 6
8790.001299, 10.000001, 102050, 102046, 4
8800.001362, 10.000063, 101128, 101128, 0
8810.001318, 9.999956, 95556, 95548, 8
8820.001315, 9.999997, 100070, 100070, 0
8830.001325, 10.00001, 101957, 101957, 0
8840.001292, 9.999967, 101316, 101312, 4
8850.001386, 10.000094, 102165, 102165, 0
8860.001309, 9.999923, 102212, 102206, 6
8870.001299, 9.99999, 98030, 98030, 0
8880.001306, 10.000007, 102518, 102518, 0
8890.001334, 10.000028, 99185, 99182, 3
8900.001297, 9.999963, 102260, 102260, 0
8910.001305, 10.000008, 95105, 95103, 2
8920.001334, 10.000029, 102910, 102909, 1
8930.001325, 9.999991, 101082, 101082, 0
8940.001334, 10.000009, 98902, 98898, 4
8950.001357, 10.000023, 102340, 102339, 1
8960.001326, 9.999969, 101278, 101278, 0
8970.001306, 9.99998, 99242, 99238, 4
8980.001313, 10.000007, 101477, 101477, 0
8990.001291, 9.999978, 100484, 100477, 7
9000.001304, 10.000013, 101687, 101685, 2
9010.001337, 10.000033, 102018, 102018, 0
9020.001974, 10.000637, 101347, 101340, 7
9030.001293, 9.999319, 102720, 102720, 0
9040.00132, 10.000027, 100511, 100507, 4
9050.001327, 10.000007, 100145, 100139, 6
9060.001331, 10.000004, 102134, 102134, 0
9070.001465, 10.000134, 103289, 103283, 6
9080.00174, 10.000275, 98913, 98913, 0
9090.001396, 9.999656, 100264, 100262, 2
9100.00131, 9.999914, 100008, 100008, 0
9110.002545, 10.001235, 96377, 96377, 0
9120.001319, 9.998774, 104398, 104396, 2
9130.001299, 9.99998, 102022, 102021, 1
9140.001301, 10.000002, 101644, 101643, 1
9150.001372, 10.000071, 97188, 97185, 3
9160.002586, 10.001214, 100449, 100449, 0
9170.001317, 9.998731, 100542, 100541, 1
9180.001329, 10.000012, 100626, 100622, 4
9190.001304, 9.999975, 100564, 100564, 0
9200.001305, 10.000001, 100446, 100442, 4
9210.001342, 10.000037, 100745, 100744, 1
9220.001312, 9.99997, 99989, 99988, 1
9230.001333, 10.000021, 100218, 100214, 4
9240.001299, 9.999966, 101480, 101479, 1
9250.001356, 10.000057, 101256, 101250, 6
9260.001305, 9.999949, 90972, 90971, 1
9270.001334, 10.000029, 103498, 103498, 0
9280.001313, 9.999979, 99666, 99661, 5
9290.001572, 10.000259, 100378, 100378, 0
9300.001315, 9.999743, 103938, 103937, 1
9310.001505, 10.00019, 100017, 100013, 4
9320.001372, 9.999867, 101249, 101249, 0
9330.001298, 9.999926, 99251, 99247, 4
9340.001318, 10.00002, 101664, 101663, 1
9350.001385, 10.000067, 86798, 86798, 0
9360.002281, 10.000896, 103044, 103038, 6
9370.001371, 9.99909, 101756, 101756, 0
9380.001335, 9.999964, 98563, 98555, 8
9390.0013, 9.999965, 101237, 101236, 1
9400.001293, 9.999993, 100244, 100244, 0
9410.001365, 10.000072, 102122, 102117, 5
9420.001335, 9.99997, 101572, 101572, 0
9430.001353, 10.000018, 100743, 100743, 0
9440.001313, 9.99996, 101931, 101926, 5
9450.001391, 10.000078, 100006, 100006, 0
9460.001315, 9.999924, 102169, 102166, 3
9470.001306, 9.999991, 103003, 103002, 1
9480.001336, 10.00003, 101364, 101362, 2
9490.001307, 9.999971, 101161, 101158, 3
9500.001317, 10.00001, 101037, 101037, 0
9510.001318, 10.000001, 98828, 98828, 0
9520.001344, 10.000026, 95115, 95113, 2
9530.001333, 9.999989, 102837, 102837, 0
9540.001401, 10.000068, 101571, 101566, 5
9550.001323, 9.999922, 94264, 94262, 2
9560.001326, 10.000003, 106653, 106652, 1
9570.001312, 9.999986, 102142, 102139, 3
9580.001559, 10.000247, 102788, 102788, 0
9590.001311, 9.999752, 102334, 102330, 4
9600.003011, 10.0017, 101278, 101278, 0
9610.00131, 9.998299, 100396, 100396, 0
9620.001349, 10.000039, 101207, 101204, 3
9630.001293, 9.999944, 101751, 101751, 0
9640.001883, 10.00059, 102597, 102595, 2
9650.001307, 9.999424, 95488, 95487, 1
9660.001319, 10.000012, 102179, 102179, 0
9670.001309, 9.99999, 100399, 100396, 3
9680.001462, 10.000153, 102093, 102093, 0
9690.003194, 10.001732, 102456, 102456, 0
9700.001352, 9.998158, 102661, 102654, 7
9710.00131, 9.999958, 99103, 99103, 0
9720.001376, 10.000066, 103751, 103749, 2
9730.002603, 10.001227, 99784, 99782, 2
9740.001307, 9.998704, 103074, 103073, 1
9750.001312, 10.000005, 95199, 95197, 2
9760.001346, 10.000034, 101144, 101144, 0
9770.001325, 9.999979, 98522, 98519, 3
9780.001513, 10.000188, 103551, 103549, 2
9790.00132, 9.999807, 99972, 99972, 0
9800.001295, 9.999975, 100298, 100293, 5
9810.001302, 10.000007, 102970, 102970, 0
9820.001331, 10.000029, 100286, 100285, 1
9830.00303, 10.001699, 100247, 100244, 3
9840.000334, 9.997304, 91323, 91323, 0
9850.001947, 10.001613, 102138, 102133, 5
9860.001337, 9.99939, 99823, 99822, 1
9870.001997, 10.00066, 96906, 96906, 0
9880.001417, 9.99942, 95419, 95416, 3
9890.001343, 9.999926, 102050, 102049, 1
9900.001391, 10.000048, 100401, 100400, 1
9910.001306, 9.999915, 96084, 96081, 3
9920.001437, 10.000131, 100498, 100498, 0
9930.002292, 10.000855, 100383, 100379, 4
9940.00291, 10.000618, 100480, 100478, 2
9950.001289, 9.998379, 100005, 100005, 0
9960.001362, 10.000073, 98760, 98755, 5
9970.001316, 9.999954, 102307, 102307, 0
9980.001295, 9.999979, 101272, 101270, 2
9990.001335, 10.00004, 100192, 100189, 3
10000.001355, 10.00002, 102520, 102520, 0
10010.00133, 9.999975, 102895, 102890, 5
10020.001304, 9.999974, 101045, 101044, 1
10030.001292, 9.999988, 101518, 101517, 1
10040.001342, 10.00005, 101317, 101315, 2
10050.001363, 10.000021, 100078, 100078, 0
10060.001305, 9.999942, 103322, 103319, 3
10070.001366, 10.000061, 102396, 102394, 2
10080.001309, 9.999943, 100957, 100955, 2
10090.001315, 10.000006, 98816, 98815, 1
10100.001305, 9.99999, 101048, 101048, 0
10110.001298, 9.999993, 102159, 102157, 2
10120.001706, 10.000408, 99770, 99765, 5
10130.001638, 9.999932, 102353, 102353, 0
10140.001319, 9.999681, 102457, 102450, 7
10150.00131, 9.999991, 99461, 99461, 0
10160.001417, 10.000107, 104097, 104095, 2
10170.001315, 9.999898, 97603, 97599, 4
10180.001308, 9.999993, 102941, 102941, 0
10190.001578, 10.00027, 100871, 100867, 4
10200.001306, 9.999728, 101824, 101824, 0
10210.001301, 9.999995, 101417, 101417, 0
10220.001322, 10.000021, 100914, 100908, 6
10230.001319, 9.999997, 104782, 104782, 0
10240.001314, 9.999995, 97306, 97303, 3
10250.001301, 9.999987, 103646, 103645, 1
10260.001313, 10.000012, 100935, 100935, 0
10270.001306, 9.999993, 97688, 97682, 6
10280.001306, 10.0, 102625, 102625, 0
10290.001379, 10.000073, 103245, 103245, 0
10300.001528, 10.000149, 100454, 100453, 1
10310.001302, 9.999774, 100691, 100691, 0
10320.001411, 10.000109, 99848, 99844, 4
10330.001382, 9.999971, 100773, 100772, 1
10340.001321, 9.999939, 100005, 100004, 1
10350.001308, 9.999987, 96279, 96272, 7
10360.00313, 10.001822, 101153, 101153, 0
10370.001302, 9.998172, 103142, 103140, 2
10380.001356, 10.000054, 98991, 98988, 3
10390.001864, 10.000508, 101625, 101624, 1
10400.001314, 9.99945, 101041, 101038, 3
10410.001541, 10.000227, 100979, 100978, 1
10420.001332, 9.999791, 101466, 101464, 2
10430.001342, 10.00001, 99727, 99722, 5
10440.001339, 9.999997, 102604, 102604, 0
10450.001312, 9.999973, 101452, 101448, 4
10460.001323, 10.000011, 100536, 100535, 1
10470.001321, 9.999998, 98194, 98194, 0
10480.001319, 9.999998, 101430, 101426, 4
10490.001317, 9.999998, 104073, 104073, 0
10500.001337, 10.00002, 97639, 97635, 4
10510.001455, 10.000118, 101310, 101309, 1
10520.001303, 9.999848, 101521, 101521, 0
10530.001309, 10.000006, 98547, 98544, 3
10540.001307, 9.999998, 103181, 103181, 0
10550.00222, 10.000913, 92966, 92965, 1
10560.001362, 9.999142, 103669, 103666, 3
10570.001293, 9.999931, 94366, 94366, 0
10580.001316, 10.000023, 102880, 102877, 3
10590.001437, 10.000121, 100148, 100146, 2
10600.001355, 9.999918, 102207, 102207, 0
10610.001409, 10.000054, 98732, 98725, 7
10620.001297, 9.999888, 99674, 99674, 0
10630.001309, 10.000012, 99336, 99334, 2
10640.001302, 9.999993, 100851, 100850, 1
10650.001368, 10.000066, 88484, 88483, 1
10660.001332, 9.999964, 96346, 96343, 3
10670.001311, 9.999979, 102050, 102049, 1
10680.001303, 9.999992, 100575, 100575, 0
10690.001305, 10.000002, 101191, 101183, 8
10700.001297, 9.999992, 100343, 100343, 0
10710.001319, 10.000022, 101717, 101714, 3
10720.001413, 10.000094, 100510, 100506, 4
10730.001293, 9.99988, 103493, 103493, 0
10740.001297, 10.000004, 99430, 99419, 11
10750.001459, 10.000162, 101641, 101639, 2
10760.001307, 9.999848, 100380, 100380, 0
10770.001325, 10.000018, 100920, 100917, 3
10780.001297, 9.999972, 102411, 102411, 0
10790.001302, 10.000005, 101049, 101047, 2
10800.001337, 10.000035, 96585, 96585, 0
10801.023136, 1.021799, 1823, 1823, 0
