elapsed, window, total, successful, failed
10.001578, 10.001578, 16268, 15515, 753
20.001456, 9.999878, 12443, 11675, 768
30.001573, 10.000117, 14915, 14428, 487
40.001697, 10.000124, 14418, 14066, 352
50.001308, 9.999611, 16073, 15415, 658
60.001258, 9.99995, 11247, 10829, 418
70.002008, 10.00075, 15689, 15052, 637
80.001588, 9.99958, 13049, 12467, 582
90.001608, 10.00002, 16111, 15494, 617
100.002132, 10.000524, 10178, 9820, 358
110.001247, 9.999115, 7875, 7566, 309
120.001447, 10.0002, 14378, 13978, 400
130.001896, 10.000449, 12066, 11716, 350
140.001204, 9.999308, 8600, 8185, 415
150.001192, 9.999988, 15157, 14631, 526
160.001341, 10.000149, 10125, 9811, 314
170.002053, 10.000712, 17586, 16956, 630
180.001702, 9.999649, 7500, 7153, 347
190.001455, 9.999753, 15764, 15273, 491
200.001212, 9.999757, 15179, 14828, 351
210.001142, 9.99993, 14937, 14428, 509
220.001283, 10.000141, 11095, 10615, 480
230.001622, 10.000339, 15469, 14974, 495
240.001211, 9.999589, 17797, 17344, 453
250.001582, 10.000371, 16080, 15659, 421
260.00142, 9.999838, 16991, 16486, 505
270.001315, 9.999895, 11177, 10830, 347
280.001168, 9.999853, 13189, 12684, 505
290.002626, 10.001458, 14863, 14384, 479
300.001203, 9.998577, 12079, 11686, 393
310.001154, 9.999951, 14462, 13925, 537
320.001332, 10.000178, 12663, 12308, 355
330.001233, 9.999901, 13706, 13203, 503
340.001242, 10.000009, 9531, 9213, 318
350.001156, 9.999914, 16277, 15791, 486
360.001311, 10.000155, 13315, 12994, 321
370.001304, 9.999993, 15465, 15023, 442
380.001855, 10.000551, 11765, 11392, 373
390.001304, 9.999449, 15059, 14564, 495
400.001263, 9.999959, 14718, 14174, 544
410.001573, 10.00031, 8728, 8435, 293
420.00122, 9.999647, 10824, 10333, 491
430.001225, 10.000005, 8416, 8163, 253
440.001275, 10.00005, 11348, 11067, 281
450.001153, 9.999878, 15974, 15537, 437
460.001465, 10.000312, 16842, 16318, 524
470.001252, 9.999787, 10019, 9839, 180
480.001528, 10.000276, 12148, 11856, 292
490.001122, 9.999594, 10143, 9782, 361
500.001221, 10.000099, 7725, 7553, 172
510.001235, 10.000014, 12925, 12593, 332
520.001257, 10.000022, 15067, 14589, 478
530.002273, 10.001016, 10089, 9845, 244
540.001235, 9.998962, 7937, 7570, 367
550.001231, 9.999996, 11072, 10740, 332
560.001777, 10.000546, 12268, 12119, 149
570.001325, 9.999548, 14592, 14123, 469
580.001271, 9.999946, 13113, 12863, 250
590.001196, 9.999925, 16561, 15739, 822
600.00114, 9.999944, 15945, 15561, 384
610.001183, 10.000043, 8283, 7943, 340
620.001482, 10.000299, 17144, 16671, 473
630.001225, 9.999743, 15719, 15313, 406
640.001183, 9.999958, 11397, 11002, 395
650.001152, 9.999969, 10476, 10032, 444
660.00118, 10.000028, 10130, 9885, 245
670.001301, 10.000121, 19135, 18345, 790
680.001159, 9.999858, 15027, 14695, 332
690.0012, 10.000041, 13788, 13327, 461
700.001223, 10.000023, 15912, 15365, 547
710.002804, 10.001581, 10750, 10496, 254
720.001868, 9.999064, 11958, 11593, 365
730.001196, 9.999328, 13913, 13500, 413
740.001261, 10.000065, 12228, 11779, 449
750.001461, 10.0002, 8876, 8529, 347
760.00129, 9.999829, 13405, 13061, 344
770.001401, 10.000111, 12449, 12037, 412
780.001651, 10.00025, 16514, 15986, 528
790.001167, 9.999516, 17535, 17055, 480
800.001199, 10.000032, 12031, 11554, 477
810.001138, 9.999939, 13495, 13183, 312
820.001193, 10.000055, 11414, 10948, 466
830.001552, 10.000359, 11540, 11274, 266
840.001213, 9.999661, 13770, 13406, 364
850.001835, 10.000622, 20071, 19518, 553
860.001551, 9.999716, 12023, 11412, 611
870.001459, 9.999908, 14862, 14511, 351
880.001148, 9.999689, 12641, 12408, 233
890.002792, 10.001644, 18284, 17417, 867
900.001596, 9.998804, 8319, 7996, 323
910.001266, 9.99967, 12523, 12029, 494
920.001189, 9.999923, 9081, 8863, 218
930.003166, 10.001977, 13998, 13375, 623
940.001631, 9.998465, 8704, 8496, 208
950.001232, 9.999601, 10634, 10335, 299
960.001147, 9.999915, 11199, 10842, 357
970.0025, 10.001353, 11447, 11140, 307
980.00189, 9.99939, 17952, 17398, 554
990.001601, 9.999711, 19446, 18606, 840
1000.002475, 10.000874, 16608, 16019, 589
1010.001817, 9.999342, 10302, 10072, 230
1020.001285, 9.999468, 13848, 13304, 544
1030.001734, 10.000449, 15644, 15183, 461
1040.001878, 10.000144, 11663, 11307, 356
1050.001435, 9.999557, 9844, 9550, 294
1060.00138, 9.999945, 11315, 10913, 402
1070.00125, 9.99987, 11562, 11121, 441
1080.001219, 9.999969, 7748, 7566, 182
1090.00243, 10.001211, 13810, 13295, 515
1100.002073, 9.999643, 12681, 12233, 448
1110.001209, 9.999136, 13452, 12846, 606
1120.001231, 10.000022, 7248, 6931, 317
1130.001565, 10.000334, 8578, 8239, 339
1140.001245, 9.99968, 14735, 14296, 439
1150.001366, 10.000121, 13951, 13579, 372
1160.001397, 10.000031, 11954, 11562, 392
1170.001299, 9.999902, 13973, 13633, 340
1180.001237, 9.999938, 11730, 11261, 469
1190.001751, 10.000514, 11865, 11479, 386
1200.001228, 9.999477, 9059, 8755, 304
1210.001327, 10.000099, 12370, 12185, 185
1220.002562, 10.001235, 11978, 11704, 274
1230.001142, 9.99858, 12701, 12354, 347
1240.001327, 10.000185, 19625, 19158, 467
1250.001861, 10.000534, 12917, 12372, 545
1260.001186, 9.999325, 7793, 7505, 288
1270.001735, 10.000549, 18685, 18231, 454
1280.001455, 9.99972, 10844, 10682, 162
1290.001223, 9.999768, 6415, 6183, 232
1300.001209, 9.999986, 18372, 17894, 478
1310.001182, 9.999973, 11585, 11191, 394
1320.001263, 10.000081, 11844, 11483, 361
1330.001889, 10.000626, 11947, 11569, 378
1340.001302, 9.999413, 13224, 12760, 464
1350.001433, 10.000131, 7011, 6769, 242
1360.001287, 9.999854, 13086, 12829, 257
1370.001893, 10.000606, 11492, 11026, 466
1380.001681, 9.999788, 11945, 11680, 265
1390.001539, 9.999858, 15256, 14866, 390
1400.001185, 9.999646, 12255, 11922, 333
1410.001138, 9.999953, 17178, 16574, 604
1420.00192, 10.000782, 13668, 13111, 557
1430.001223, 9.999303, 14816, 14470, 346
1440.001453, 10.00023, 9390, 9067, 323
1450.001633, 10.00018, 9305, 8934, 371
1460.001718, 10.000085, 12524, 12155, 369
1470.00122, 9.999502, 11316, 10990, 326
1480.001378, 10.000158, 13106, 12570, 536
1490.001448, 10.00007, 12346, 11932, 414
1500.00142, 9.999972, 10340, 9862, 478
1510.001677, 10.000257, 13135, 12702, 433
1520.002007, 10.00033, 9125, 8825, 300
1530.003105, 10.001098, 14003, 13674, 329
1540.000614, 9.997509, 14027, 13646, 381
1550.001627, 10.001013, 14057, 13589, 468
1560.001153, 9.999526, 14465, 14123, 342
1570.001137, 9.999984, 9530, 9286, 244
1580.001402, 10.000265, 12556, 12085, 471
1590.001329, 9.999927, 9216, 8902, 314
1600.001225, 9.999896, 11909, 11533, 376
1610.001578, 10.000353, 9187, 8993, 194
1620.001458, 9.99988, 12569, 12286, 283
1630.001358, 9.9999, 14210, 13520, 690
1640.001176, 9.999818, 8027, 7746, 281
1650.001247, 10.000071, 5704, 5484, 220
1660.001272, 10.000025, 9976, 9705, 271
1670.002275, 10.001003, 9905, 9495, 410
1680.001506, 9.999231, 10475, 10286, 189
1690.001247, 9.999741, 12609, 12083, 526
1700.001225, 9.999978, 10035, 9818, 217
1710.001731, 10.000506, 18917, 18567, 350
1720.001217, 9.999486, 17036, 16475, 561
1730.00119, 9.999973, 15857, 15597, 260
1740.001263, 10.000073, 14771, 14386, 385
1750.001203, 9.99994, 13848, 13575, 273
1760.00121, 10.000007, 15912, 15479, 433
1770.00127, 10.00006, 6975, 6841, 134
1780.001364, 10.000094, 14386, 14111, 275
1790.0027, 10.001336, 11124, 10869, 255
1800.001602, 9.998902, 4839, 4705, 134
1810.001224, 9.999622, 7460, 6957, 503
1820.001296, 10.000072, 9550, 9207, 343
1830.001204, 9.999908, 7735, 7533, 202
1840.001227, 10.000023, 9778, 9386, 392
1850.001148, 9.999921, 2288, 2288, 0
1860.001169, 10.000021, 9621, 9232, 389
1870.001815, 10.000646, 9993, 9787, 206
1880.001353, 9.999538, 14101, 13711, 390
1890.001625, 10.000272, 7013, 6820, 193
1900.001308, 9.999683, 10240, 9830, 410
1910.001155, 9.999847, 8711, 8588, 123
1920.001698, 10.000543, 9685, 9406, 279
1930.001227, 9.999529, 4614, 4467, 147
1940.001901, 10.000674, 4713, 4404, 309
1950.001424, 9.999523, 8248, 8030, 218
1960.00116, 9.999736, 11490, 11059, 431
1970.001145, 9.999985, 6603, 6419, 184
1980.001516, 10.000371, 6978, 6512, 466
1990.001181, 9.999665, 13203, 12949, 254
2000.001166, 9.999985, 2776, 2736, 40
2010.001453, 10.000287, 3640, 3635, 5
2020.001399, 9.999946, 13265, 12488, 777
2030.001175, 9.999776, 9324, 9262, 62
2040.001292, 10.000117, 8442, 8055, 387
2050.001222, 9.99993, 4834, 4688, 146
2060.001583, 10.000361, 5656, 5370, 286
2070.001284, 9.999701, 7243, 7148, 95
2080.002324, 10.00104, 16808, 16284, 524
2090.004078, 10.001754, 12660, 12389, 271
2100.001346, 9.997268, 7783, 7691, 92
2110.001174, 9.999828, 11635, 11233, 402
2120.001408, 10.000234, 6476, 6373, 103
2130.004618, 10.00321, 15737, 15079, 658
2140.001499, 9.996881, 6653, 6491, 162
2150.00118, 9.999681, 11609, 11433, 176
2160.00123, 10.00005, 6535, 6393, 142
2170.001593, 10.000363, 6080, 5832, 248
2180.001151, 9.999558, 9069, 8942, 127
2190.001239, 10.000088, 9474, 9095, 379
2200.001375, 10.000136, 8537, 8281, 256
2210.001321, 9.999946, 5216, 5161, 55
2220.001493, 10.000172, 9967, 9438, 529
2230.002035, 10.000542, 12803, 12681, 122
2240.001277, 9.999242, 3540, 3477, 63
2250.001859, 10.000582, 7345, 7065, 280
2260.001438, 9.999579, 13762, 13269, 493
2270.001129, 9.999691, 10507, 10214, 293
2280.001137, 10.000008, 8032, 7813, 219
2290.001627, 10.00049, 5456, 5158, 298
2300.001899, 10.000272, 7575, 7458, 117
2310.001167, 9.999268, 16983, 16453, 530
2320.001211, 10.000044, 14043, 13876, 167
2330.00147, 10.000259, 7006, 6771, 235
2340.001178, 9.999708, 8078, 7972, 106
2350.001269, 10.000091, 9432, 9169, 263
2360.002877, 10.001608, 12874, 12479, 395
2370.001176, 9.998299, 9958, 9720, 238
2380.001346, 10.00017, 6383, 6364, 19
2390.001143, 9.999797, 11196, 10719, 477
2400.001144, 10.000001, 13699, 13445, 254
2410.001622, 10.000478, 5855, 5810, 45
2420.001281, 9.999659, 6258, 5993, 265
2430.00118, 9.999899, 13357, 12943, 414
2440.001382, 10.000202, 6228, 6117, 111
2450.00138, 9.999998, 15817, 15496, 321
2460.001246, 9.999866, 10423, 10158, 265
2470.001227, 9.999981, 1945, 1945, 0
2480.001304, 10.000077, 9223, 8952, 271
2490.001422, 10.000118, 10922, 10553, 369
2500.001249, 9.999827, 6838, 6644, 194
2510.001273, 10.000024, 4966, 4900, 66
2520.001529, 10.000256, 8162, 7668, 494
2530.001179, 9.99965, 7105, 6944, 161
2540.00127, 10.000091, 7837, 7420, 417
2550.001177, 9.999907, 9191, 8948, 243
2560.002546, 10.001369, 5223, 5216, 7
2570.000225, 9.997679, 9767, 9332, 435
2580.00119, 10.000965, 10765, 10594, 171
2590.001144, 9.999954, 8611, 8379, 232
2600.001154, 10.00001, 7112, 6894, 218
2610.001182, 10.000028, 5854, 5634, 220
2620.001293, 10.000111, 9574, 9357, 217
2630.00141, 10.000117, 8175, 7977, 198
2640.001182, 9.999772, 3855, 3819, 36
2650.001764, 10.000582, 12444, 12101, 343
2660.001615, 9.999851, 14088, 13808, 280
2670.001381, 9.999766, 12888, 12701, 187
2680.001254, 9.999873, 6369, 6018, 351
2690.001169, 9.999915, 7334, 7253, 81
2700.001373, 10.000204, 3321, 3321, 0
2710.001314, 9.999941, 13545, 12961, 584
2720.001225, 9.999911, 6659, 6634, 25
2730.001163, 9.999938, 5238, 5045, 193
2740.001299, 10.000136, 10106, 9695, 411
2750.001208, 9.999909, 6132, 6076, 56
2760.001573, 10.000365, 13134, 12852, 282
2770.001229, 9.999656, 8896, 8785, 111
2780.001311, 10.000082, 3838, 3807, 31
2790.001202, 9.999891, 12886, 12402, 484
2800.001138, 9.999936, 11028, 10897, 131
2810.001217, 10.000079, 11918, 11833, 85
2820.001235, 10.000018, 4463, 4426, 37
2830.001135, 9.9999, 11224, 10837, 387
2840.001223, 10.000088, 5458, 5308, 150
2850.001613, 10.00039, 5684, 5415, 269
2860.002221, 10.000608, 12932, 12677, 255
2870.001332, 9.999111, 11013, 10967, 46
2880.001171, 9.999839, 11898, 11552, 346
2890.00136, 10.000189, 2052, 2052, 0
2900.002229, 10.000869, 8500, 7986, 514
2910.001484, 9.999255, 7289, 7049, 240
2920.00123, 9.999746, 8966, 8562, 404
2930.001254, 10.000024, 2621, 2616, 5
2940.002749, 10.001495, 2585, 2582, 3
2950.001953, 9.999204, 8398, 7787, 611
2960.00123, 9.999277, 11083, 10883, 200
2970.001151, 9.999921, 8851, 8598, 253
2980.001584, 10.000433, 3999, 3970, 29
2990.002227, 10.000643, 5226, 5120, 106
3000.001647, 9.99942, 5903, 5600, 303
3010.001646, 9.999999, 8269, 8032, 237
3020.001177, 9.999531, 11931, 11838, 93
3030.001329, 10.000152, 16868, 16566, 302
3040.001647, 10.000318, 16920, 16549, 371
3050.001184, 9.999537, 15369, 15023, 346
3060.001156, 9.999972, 10653, 10579, 74
3070.001776, 10.00062, 9974, 9784, 190
3080.001581, 9.999805, 12597, 12443, 154
3090.001748, 10.000167, 11274, 10907, 367
3100.001251, 9.999503, 9582, 9268, 314
3110.001244, 9.999993, 2661, 2650, 11
3120.001175, 9.999931, 9073, 8484, 589
3130.001173, 9.999998, 5043, 4890, 153
3140.001173, 10.0, 10260, 10063, 197
3150.002366, 10.001193, 7964, 7788, 176
3160.001186, 9.99882, 10026, 9645, 381
3170.001199, 10.000013, 2108, 2108, 0
3180.001208, 10.000009, 8474, 8127, 347
3190.001234, 10.000026, 8193, 8009, 184
3200.001149, 9.999915, 8393, 8153, 240
3210.001225, 10.000076, 12097, 11851, 246
3220.001249, 10.000024, 7350, 7282, 68
3230.006639, 10.00539, 2749, 2748, 1
3240.001183, 9.994544, 11262, 10572, 690
3250.001184, 10.000001, 8147, 8075, 72
3260.005103, 10.003919, 11428, 11319, 109
3270.001255, 9.996152, 12016, 11586, 430
3280.001224, 9.999969, 3113, 3075, 38
3290.001304, 10.00008, 5988, 5690, 298
3300.001228, 9.999924, 6361, 6101, 260
3310.001183, 9.999955, 13624, 13423, 201
3320.001236, 10.000053, 10354, 10162, 192
3330.001428, 10.000192, 15403, 15274, 129
3340.001135, 9.999707, 14320, 13883, 437
3350.001221, 10.000086, 13650, 13581, 69
3360.001211, 9.99999, 7009, 6921, 88
3370.001176, 9.999965, 7402, 7071, 331
3380.001789, 10.000613, 7616, 7616, 0
3390.002062, 10.000273, 9604, 9490, 114
3400.000221, 9.998159, 12103, 11938, 165
3410.001259, 10.001038, 11391, 11155, 236
3420.00131, 10.000051, 9652, 9517, 135
3430.002017, 10.000707, 11403, 11146, 257
3440.001159, 9.999142, 5509, 5509, 0
3450.001189, 10.00003, 11505, 11203, 302
3460.00122, 10.000031, 12527, 12423, 104
3470.001303, 10.000083, 6230, 6177, 53
3480.001432, 10.000129, 8758, 8340, 418
3490.001239, 9.999807, 7821, 7702, 119
3500.001192, 9.999953, 8185, 8035, 150
3510.001223, 10.000031, 10871, 10440, 431
3520.00122, 9.999997, 7875, 7825, 50
3530.001205, 9.999985, 7301, 6871, 430
3540.001264, 10.000059, 4258, 4189, 69
3550.001557, 10.000293, 5876, 5516, 360
3560.002778, 10.001221, 8480, 8376, 104
3570.001437, 9.998659, 8339, 8056, 283
3580.00128, 9.999843, 3108, 3108, 0
3590.001879, 10.000599, 15067, 14613, 454
3600.001297, 9.999418, 11269, 11146, 123
3610.001805, 10.000508, 10706, 10616, 90
3620.001136, 9.999331, 5008, 4897, 111
3630.002186, 10.00105, 12485, 12318, 167
3640.001387, 9.999201, 11093, 10974, 119
3650.001304, 9.999917, 13713, 13635, 78
3660.001185, 9.999881, 4943, 4904, 39
3670.00218, 10.000995, 10363, 9809, 554
3680.001479, 9.999299, 7745, 7687, 58
3690.001139, 9.99966, 6262, 5987, 275
3700.001201, 10.000062, 5534, 5454, 80
3710.003785, 10.002584, 9173, 9138, 35
3720.001176, 9.997391, 8503, 8365, 138
3730.001235, 10.000059, 6954, 6530, 424
3740.001358, 10.000123, 5982, 5859, 123
3750.001225, 9.999867, 7198, 7090, 108
3760.002084, 10.000859, 1200, 1199, 1
3770.00016, 9.998076, 12794, 12371, 423
3780.00154, 10.00138, 11282, 11235, 47
3790.001166, 9.999626, 9714, 9648, 66
3800.001673, 10.000507, 11649, 11560, 89
3810.001525, 9.999852, 4419, 4404, 15
3820.001275, 9.99975, 10161, 9884, 277
3830.003882, 10.002607, 3059, 3056, 3
3840.002634, 9.998752, 12393, 12172, 221
3850.001541, 9.998907, 5033, 4979, 54
3860.001597, 10.000056, 5779, 5779, 0
3870.00118, 9.999583, 9955, 9703, 252
3880.00122, 10.00004, 9145, 8986, 159
3890.001847, 10.000627, 8861, 8852, 9
3900.001517, 9.99967, 5379, 5337, 42
3910.001215, 9.999698, 10428, 10097, 331
3920.00126, 10.000045, 10429, 10290, 139
3930.001184, 9.999924, 6402, 6394, 8
3940.001232, 10.000048, 2542, 2541, 1
3950.001191, 9.999959, 7808, 7395, 413
3960.001246, 10.000055, 8412, 8347, 65
3970.001875, 10.000629, 5408, 5393, 15
3980.001406, 9.999531, 8224, 8069, 155
3990.001189, 9.999783, 9827, 9569, 258
4000.001447, 10.000258, 6362, 6342, 20
4010.002235, 10.000788, 2371, 2371, 0
4020.001155, 9.99892, 8610, 8241, 369
4030.001244, 10.000089, 7312, 7212, 100
4040.001375, 10.000131, 10178, 10006, 172
4050.001191, 9.999816, 8501, 8488, 13
4060.002178, 10.000987, 10631, 10566, 65
4070.001523, 9.999345, 9161, 9068, 93
4080.00164, 10.000117, 6526, 6457, 69
4090.001199, 9.999559, 8948, 8948, 0
4100.001381, 10.000182, 6617, 6465, 152
4110.001507, 10.000126, 5822, 5540, 282
4120.002533, 10.001026, 10628, 10497, 131
4130.001553, 9.99902, 6029, 5966, 63
4140.001212, 9.999659, 8018, 7869, 149
4150.00118, 9.999968, 6315, 6250, 65
4160.001233, 10.000053, 7783, 7277, 506
4170.001225, 9.999992, 9188, 9097, 91
4180.001205, 9.99998, 8829, 8829, 0
4190.002259, 10.001054, 3581, 3548, 33
4200.002897, 10.000638, 8871, 8561, 310
4210.001228, 9.998331, 5117, 5117, 0
4220.002537, 10.001309, 3677, 3571, 106
4230.001155, 9.998618, 8809, 8492, 317
4240.001225, 10.00007, 8779, 8675, 104
4250.00124, 10.000015, 1692, 1692, 0
4260.001187, 9.999947, 8717, 8332, 385
4270.001187, 10.0, 1571, 1571, 0
4280.001206, 10.000019, 8149, 8071, 78
4290.001439, 10.000233, 8775, 8773, 2
4300.0012, 9.999761, 5794, 5733, 61
4310.004034, 10.002834, 11818, 11682, 136
4320.001771, 9.997737, 11351, 11245, 106
4330.001185, 9.999414, 3243, 3205, 38
4340.001328, 10.000143, 7919, 7641, 278
4350.001505, 10.000177, 7355, 7305, 50
4360.001171, 9.999666, 7964, 7909, 55
4370.001196, 10.000025, 8240, 8223, 17
4380.002088, 10.000892, 7878, 7742, 136
4390.001134, 9.999046, 5189, 5189, 0
4400.001176, 10.000042, 7751, 7663, 88
4410.001175, 9.999999, 4694, 4555, 139
4420.001657, 10.000482, 8621, 8169, 452
4430.001536, 9.999879, 8716, 8686, 30
4440.001422, 9.999886, 6211, 6193, 18
4450.001132, 9.99971, 8986, 8984, 2
4460.001184, 10.000052, 10118, 9926, 192
4470.001223, 10.000039, 6173, 6059, 114
4480.00118, 9.999957, 9447, 9420, 27
4490.001847, 10.000667, 8507, 8342, 165
4500.001193, 9.999346, 6593, 6421, 172
4510.001555, 10.000362, 3186, 3186, 0
4520.002335, 10.00078, 6477, 6207, 270
4530.001831, 9.999496, 6605, 6585, 20
4540.001234, 9.999403, 2333, 2333, 0
4550.001257, 10.000023, 8765, 8528, 237
4560.001198, 9.999941, 8369, 8332, 37
4570.001248, 10.00005, 11554, 11478, 76
4580.003986, 10.002738, 3176, 3174, 2
4590.001576, 9.99759, 12655, 12352, 303
4600.001185, 9.999609, 7143, 7143, 0
4610.001204, 10.000019, 9169, 9140, 29
4620.001315, 10.000111, 8794, 8794, 0
4630.001263, 9.999948, 5998, 5981, 17
4640.001192, 9.999929, 6640, 6479, 161
4650.001748, 10.000556, 9370, 9171, 199
4660.001184, 9.999436, 8459, 8420, 39
4670.003378, 10.002194, 4647, 4604, 43
4680.001874, 9.998496, 11734, 11410, 324
4690.001481, 9.999607, 7062, 7062, 0
4700.001232, 9.999751, 7390, 7390, 0
4710.001188, 9.999956, 9405, 9243, 162
4720.00118, 9.999992, 8158, 8117, 41
4730.001208, 10.000028, 9479, 9385, 94
4740.006553, 10.005345, 8934, 8884, 50
4750.001211, 9.994658, 4256, 4201, 55
4760.001361, 10.00015, 10202, 10053, 149
4770.001141, 9.99978, 10135, 10125, 10
4780.001769, 10.000628, 9005, 8968, 37
4790.001318, 9.999549, 7293, 7292, 1
4800.001234, 9.999916, 5775, 5747, 28
4810.001177, 9.999943, 7679, 7679, 0
4820.002617, 10.00144, 6138, 6049, 89
4830.001215, 9.998598, 12068, 11762, 306
4840.00124, 10.000025, 6136, 6109, 27
4850.006278, 10.005038, 11644, 11545, 99
4860.000189, 9.993911, 9151, 9081, 70
4870.001306, 10.001117, 6099, 6099, 0
4880.001203, 9.999897, 7310, 7289, 21
4890.00117, 9.999967, 10719, 10666, 53
4900.001226, 10.000056, 8820, 8567, 253
4910.002279, 10.001053, 7462, 7311, 151
4920.001193, 9.998914, 10506, 10474, 32
4930.001231, 10.000038, 8136, 8090, 46
4940.001414, 10.000183, 8009, 8009, 0
4950.002435, 10.001021, 5757, 5757, 0
4960.001802, 9.999367, 4758, 4699, 59
4970.001536, 9.999734, 6546, 6136, 410
4980.001398, 9.999862, 9278, 9163, 115
4990.001154, 9.999756, 10071, 10025, 46
5000.001294, 10.00014, 5646, 5646, 0
5010.001287, 9.999993, 11577, 11340, 237
5020.001573, 10.000286, 9602, 9555, 47
5030.001226, 9.999653, 9290, 9290, 0
5040.001193, 9.999967, 8285, 8233, 52
5050.001203, 10.00001, 8330, 8027, 303
5060.002084, 10.000881, 9297, 9275, 22
5070.00046, 9.998376, 10587, 10587, 0
5080.001237, 10.000777, 7793, 7666, 127
5090.001213, 9.999976, 8799, 8734, 65
5100.001222, 10.000009, 6854, 6854, 0
5110.002137, 10.000915, 7996, 7899, 97
5120.001191, 9.999054, 9662, 9597, 65
5130.001192, 10.000001, 6939, 6770, 169
5140.001868, 10.000676, 4879, 4701, 178
5150.00118, 9.999312, 6501, 6283, 218
5160.001166, 9.999986, 5595, 5592, 3
5170.001212, 10.000046, 6927, 6895, 32
5180.001198, 9.999986, 6541, 6541, 0
5190.001227, 10.000029, 5397, 5106, 291
5200.001217, 9.99999, 2886, 2886, 0
5210.001212, 9.999995, 10469, 10469, 0
5220.001158, 9.999946, 8738, 8679, 59
5230.001193, 10.000035, 10262, 10091, 171
5240.001217, 10.000024, 8490, 8440, 50
5250.002567, 10.00135, 7596, 7546, 50
5260.001406, 9.998839, 7494, 7494, 0
5270.001136, 9.99973, 7575, 7575, 0
5280.00119, 10.000054, 3045, 3025, 20
5290.001205, 10.000015, 7241, 7225, 16
5300.001175, 9.99997, 9214, 9176, 38
5310.001148, 9.999973, 7043, 6942, 101
5320.001151, 10.000003, 10106, 9994, 112
5330.002788, 10.001637, 7570, 7497, 73
5340.002952, 10.000164, 8573, 8548, 25
5350.001746, 9.998794, 9240, 9222, 18
5360.001298, 9.999552, 6992, 6964, 28
5370.001167, 9.999869, 4449, 4449, 0
5380.001215, 10.000048, 8697, 8665, 32
5390.001318, 10.000103, 7764, 7734, 30
5400.001233, 9.999915, 2013, 2013, 0
5410.001217, 9.999984, 8032, 7761, 271
5420.001411, 10.000194, 4095, 4095, 0
5430.001448, 10.000037, 6866, 6866, 0
5440.001206, 9.999758, 8909, 8907, 2
5450.001434, 10.000228, 5443, 5443, 0
5460.001294, 9.99986, 10272, 10208, 64
5470.00155, 10.000256, 9611, 9565, 46
5480.001219, 9.999669, 7626, 7626, 0
5490.001265, 10.000046, 7118, 7054, 64
5500.001334, 10.000069, 7415, 7326, 89
5510.001812, 10.000478, 7827, 7755, 72
5520.001248, 9.999436, 8130, 8130, 0
5530.001217, 9.999969, 7017, 7017, 0
5540.001157, 9.99994, 8660, 8612, 48
5550.001153, 9.999996, 7562, 7518, 44
5560.006552, 10.005399, 10933, 10854, 79
5570.001172, 9.99462, 4963, 4852, 111
5580.00125, 10.000078, 7541, 7519, 22
5590.002093, 10.000843, 10012, 9944, 68
5600.001347, 9.999254, 5291, 5291, 0
5610.0012, 9.999853, 9898, 9844, 54
5620.001274, 10.000074, 8130, 8083, 47
5630.001192, 9.999918, 11430, 11267, 163
5640.001359, 10.000167, 8319, 8272, 47
5650.001217, 9.999858, 7393, 7335, 58
5660.001204, 9.999987, 7413, 7388, 25
5670.001668, 10.000464, 7557, 7525, 32
5680.001192, 9.999524, 6145, 6145, 0
5690.001226, 10.000034, 7156, 7110, 46
5700.001225, 9.999999, 6829, 6829, 0
5710.001611, 10.000386, 8445, 8357, 88
5720.001224, 9.999613, 7827, 7772, 55
5730.001241, 10.000017, 7725, 7656, 69
5740.002506, 10.001265, 5875, 5838, 37
5750.001484, 9.998978, 7739, 7718, 21
5760.001152, 9.999668, 7630, 7564, 66
5770.001225, 10.000073, 6174, 6174, 0
5780.001903, 10.000678, 8889, 8832, 57
5790.001412, 9.999509, 7476, 7438, 38
5800.001194, 9.999782, 11092, 10817, 275
5810.001257, 10.000063, 9118, 9034, 84
5820.001622, 10.000365, 9926, 9913, 13
5830.001222, 9.9996, 5929, 5855, 74
5840.001198, 9.999976, 9712, 9302, 410
5850.001216, 10.000018, 5605, 5521, 84
5860.001211, 9.999995, 3549, 3549, 0
5870.001214, 10.000003, 8483, 8452, 31
5880.001156, 9.999942, 6895, 6891, 4
5890.00119, 10.000034, 9271, 9051, 220
5900.001246, 10.000056, 3609, 3592, 17
5910.001254, 10.000008, 1540, 1540, 0
5920.001896, 10.000642, 10147, 10081, 66
5930.001676, 9.99978, 8828, 8710, 118
5940.001175, 9.999499, 6229, 6229, 0
5950.00235, 10.001175, 8239, 8239, 0
5960.001203, 9.998853, 7807, 7745, 62
5970.001157, 9.999954, 6670, 6595, 75
5980.001985, 10.000828, 10478, 10191, 287
5990.001537, 9.999552, 3289, 3284, 5
6000.001169, 9.999632, 1234, 1234, 0
6010.002236, 10.001067, 9392, 9234, 158
6020.001183, 9.998947, 9255, 9168, 87
6030.00209, 10.000907, 6088, 6063, 25
6040.000179, 9.998089, 4931, 4925, 6
6050.004236, 10.004057, 8677, 8677, 0
6060.005511, 10.001275, 9593, 9535, 58
6070.001194, 9.995683, 5750, 5660, 90
6080.003337, 10.002143, 8729, 8662, 67
6090.001136, 9.997799, 9728, 9589, 139
6100.001184, 10.000048, 5123, 5120, 3
6110.001872, 10.000688, 4851, 4847, 4
6120.001277, 9.999405, 8806, 8667, 139
6130.001456, 10.000179, 7278, 7278, 0
6140.001137, 9.999681, 6976, 6767, 209
6150.001612, 10.000475, 9391, 9263, 128
6160.001188, 9.999576, 8624, 8624, 0
6170.001602, 10.000414, 4434, 4389, 45
6180.00118, 9.999578, 8287, 7816, 471
6190.001352, 10.000172, 5073, 5066, 7
6200.001229, 9.999877, 8030, 7966, 64
6210.001353, 10.000124, 9230, 9164, 66
6220.001465, 10.000112, 4218, 4207, 11
6230.001147, 9.999682, 4088, 4088, 0
6240.001236, 10.000089, 8151, 7987, 164
6250.001294, 10.000058, 2799, 2799, 0
6260.001231, 9.999937, 5159, 5149, 10
6270.001168, 9.999937, 3039, 3030, 9
6280.001325, 10.000157, 11809, 11746, 63
6290.001429, 10.000104, 6448, 6388, 60
6300.00232, 10.000891, 4319, 4319, 0
6310.001211, 9.998891, 8633, 8532, 101
6320.001146, 9.999935, 8539, 8495, 44
6330.002094, 10.000948, 10365, 10235, 130
6340.000143, 9.998049, 3284, 3278, 6
6350.001878, 10.001735, 7121, 6936, 185
6360.002099, 10.000221, 8951, 8850, 101
6370.001264, 9.999165, 9642, 9607, 35
6380.001219, 9.999955, 5240, 5240, 0
6390.001572, 10.000353, 2005, 2005, 0
6400.00127, 9.999698, 8683, 8423, 260
6410.001903, 10.000633, 5924, 5913, 11
6420.001238, 9.999335, 6784, 6746, 38
6430.001282, 10.000044, 5195, 5117, 78
6440.001213, 9.999931, 4565, 4565, 0
6450.001174, 9.999961, 6177, 6080, 97
6460.001209, 10.000035, 7098, 7079, 19
6470.00158, 10.000371, 3129, 3127, 2
6480.001676, 10.000096, 7212, 7142, 70
6490.00173, 10.000054, 8490, 8490, 0
6500.001211, 9.999481, 8445, 8445, 0
6510.001143, 9.999932, 9228, 9138, 90
6520.00246, 10.001317, 8409, 8289, 120
6530.001221, 9.998761, 6801, 6752, 49
6540.001211, 9.99999, 8839, 8748, 91
6550.001137, 9.999926, 4443, 4443, 0
6560.001238, 10.000101, 9885, 9753, 132
6570.001178, 9.99994, 7059, 7059, 0
6580.001241, 10.000063, 6484, 6264, 220
6590.001199, 9.999958, 7268, 7268, 0
6600.001195, 9.999996, 6336, 6336, 0
6610.001257, 10.000062, 7950, 7809, 141
6620.001161, 9.999904, 8085, 8085, 0
6630.001269, 10.000108, 7786, 7699, 87
6640.001227, 9.999958, 8182, 8151, 31
6650.001237, 10.00001, 3545, 3545, 0
6660.001236, 9.999999, 6249, 6159, 90
6670.001169, 9.999933, 5308, 5308, 0
6680.001224, 10.000055, 4060, 4060, 0
6690.001223, 9.999999, 7752, 7714, 38
6700.001208, 9.999985, 9366, 9328, 38
6710.001201, 9.999993, 6802, 6738, 64
6720.001256, 10.000055, 8683, 8652, 31
6730.001226, 9.99997, 8144, 8127, 17
6740.001223, 9.999997, 5372, 5372, 0
6750.002617, 10.001394, 9598, 9469, 129
6760.001219, 9.998602, 7682, 7623, 59
6770.002026, 10.000807, 11358, 11255, 103
6780.014208, 10.012182, 9550, 9550, 0
6790.001316, 9.987108, 7954, 7834, 120
6800.001255, 9.999939, 6071, 5981, 90
6810.001179, 9.999924, 10259, 10173, 86
6820.001183, 10.000004, 5753, 5702, 51
6830.001404, 10.000221, 7933, 7714, 219
6840.001224, 9.99982, 4501, 4501, 0
6850.003593, 10.002369, 2241, 2240, 1
6860.00121, 9.997617, 9518, 9226, 292
6870.00115, 9.99994, 4939, 4927, 12
6880.001217, 10.000067, 1150, 1150, 0
6890.001235, 10.000018, 10679, 10543, 136
6900.00121, 9.999975, 7112, 6993, 119
6910.001157, 9.999947, 9046, 9046, 0
6920.001176, 10.000019, 3314, 3255, 59
6930.001386, 10.00021, 6595, 6317, 278
6940.001217, 9.999831, 6623, 6623, 0
6950.001183, 9.999966, 2642, 2638, 4
6960.002519, 10.001336, 9885, 9809, 76
6970.001175, 9.998656, 8787, 8699, 88
6980.001804, 10.000629, 7029, 6966, 63
6990.002573, 10.000769, 6841, 6811, 30
7000.001485, 9.998912, 12937, 12823, 114
7010.001603, 10.000118, 9018, 8983, 35
7020.001161, 9.999558, 10921, 10718, 203
7030.001206, 10.000045, 9822, 9786, 36
7040.001312, 10.000106, 7229, 7162, 67
7050.001394, 10.000082, 9673, 9613, 60
7060.002582, 10.001188, 6898, 6898, 0
7070.001181, 9.998599, 6025, 5964, 61
7080.001352, 10.000171, 8696, 8646, 50
7090.001304, 9.999952, 7536, 7493, 43
7100.001374, 10.00007, 5545, 5523, 22
7110.001241, 9.999867, 6765, 6765, 0
7120.00119, 9.999949, 3709, 3709, 0
7130.001155, 9.999965, 6695, 6687, 8
7140.002395, 10.00124, 9712, 9642, 70
7150.001165, 9.99877, 8611, 8547, 64
7160.001204, 10.000039, 7298, 7231, 67
7170.003082, 10.001878, 8194, 8128, 66
7180.001257, 9.998175, 9342, 9305, 37
7190.001966, 10.000709, 10497, 10412, 85
7200.001197, 9.999231, 10185, 10164, 21
7210.001321, 10.000124, 5995, 5952, 43
7220.001237, 9.999916, 6526, 6517, 9
7230.001593, 10.000356, 8472, 8325, 147
7240.002745, 10.001152, 8999, 8999, 0
7250.001223, 9.998478, 5558, 5507, 51
7260.002655, 10.001432, 10249, 10047, 202
7270.001674, 9.999019, 7230, 7216, 14
7280.001225, 9.999551, 4780, 4780, 0
7290.00121, 9.999985, 6537, 6501, 36
7300.001219, 10.000009, 8317, 8302, 15
7310.001158, 9.999939, 5831, 5831, 0
7320.001192, 10.000034, 9631, 9574, 57
7330.001219, 10.000027, 10127, 9967, 160
7340.001385, 10.000166, 7332, 7283, 49
7350.001228, 9.999843, 6818, 6762, 56
7360.001673, 10.000445, 8572, 8502, 70
7370.00148, 9.999807, 5495, 5480, 15
7380.001231, 9.999751, 10387, 10248, 139
7390.001689, 10.000458, 7827, 7827, 0
7400.005105, 10.003416, 6690, 6660, 30
7410.001577, 9.996472, 8256, 8159, 97
7420.001197, 9.99962, 7598, 7587, 11
7430.001211, 10.000014, 6424, 6396, 28
7440.001125, 9.999914, 7673, 7673, 0
7450.001501, 10.000376, 4178, 4170, 8
7460.001161, 9.99966, 9763, 9704, 59
7470.00121, 10.000049, 8570, 8570, 0
7480.001243, 10.000033, 4995, 4995, 0
7490.001178, 9.999935, 7278, 7278, 0
7500.001175, 9.999997, 8807, 8750, 57
7510.002431, 10.001256, 9228, 9205, 23
7520.002476, 10.000045, 11836, 11679, 157
7530.001238, 9.998762, 9781, 9641, 140
7540.001275, 10.000037, 9639, 9612, 27
7550.001227, 9.999952, 6081, 6080, 1
7560.001223, 9.999996, 7030, 6997, 33
7570.001185, 9.999962, 9634, 9634, 0
7580.001872, 10.000687, 11012, 10908, 104
7590.001205, 9.999333, 9149, 9046, 103
7600.001237, 10.000032, 7000, 6984, 16
7610.00185, 10.000613, 6381, 6368, 13
7620.00124, 9.99939, 10270, 10062, 208
7630.00122, 9.99998, 8404, 8389, 15
7640.001745, 10.000525, 8323, 8226, 97
7650.001233, 9.999488, 4129, 4104, 25
7660.001523, 10.00029, 11159, 11074, 85
7670.001146, 9.999623, 9439, 9287, 152
7680.00217, 10.001024, 6094, 6094, 0
7690.001418, 9.999248, 8369, 8264, 105
7700.001183, 9.999765, 6874, 6808, 66
7710.001195, 10.000012, 10930, 10713, 217
7720.001631, 10.000436, 2737, 2729, 8
7730.00149, 9.999859, 5280, 4980, 300
7740.001206, 9.999716, 6992, 6960, 32
7750.001364, 10.000158, 5002, 5002, 0
7760.001211, 9.999847, 4644, 4598, 46
7770.003203, 10.001992, 9748, 9552, 196
7780.001161, 9.997958, 5078, 5062, 16
7790.001153, 9.999992, 8948, 8860, 88
7800.001798, 10.000645, 8509, 8373, 136
7810.001252, 9.999454, 5305, 5271, 34
7820.00171, 10.000458, 3359, 3359, 0
7830.0012, 9.99949, 12242, 12059, 183
7840.001513, 10.000313, 7747, 7695, 52
7850.001882, 10.000369, 8066, 8066, 0
7860.001155, 9.999273, 4114, 4097, 17
7870.001169, 10.000014, 6609, 6561, 48
7880.001187, 10.000018, 6325, 6254, 71
7890.001237, 10.00005, 10311, 10133, 178
7900.001255, 10.000018, 9669, 9669, 0
7910.00116, 9.999905, 5508, 5508, 0
7920.001252, 10.000092, 7746, 7706, 40
7930.00149, 10.000238, 6389, 6341, 48
7940.001189, 9.999699, 12088, 12088, 0
7950.001325, 10.000136, 10214, 9916, 298
7960.001178, 9.999853, 7855, 7777, 78
7970.001198, 10.00002, 7427, 7395, 32
7980.001233, 10.000035, 10513, 10513, 0
7990.001187, 9.999954, 6727, 6727, 0
8000.001812, 10.000625, 7026, 7008, 18
8010.001187, 9.999375, 8943, 8943, 0
8020.001147, 9.99996, 10170, 9860, 310
8030.001204, 10.000057, 9658, 9388, 270
8040.002134, 10.00093, 4569, 4553, 16
8050.001358, 9.999224, 6715, 6715, 0
8060.001831, 10.000473, 10658, 10656, 2
8070.001801, 9.99997, 6913, 6912, 1
8080.001742, 9.999941, 8596, 8596, 0
8090.001631, 9.999889, 5452, 5413, 39
8100.001999, 10.000368, 7206, 7128, 78
8110.001247, 9.999248, 7549, 7343, 206
8120.001194, 9.999947, 2122, 2122, 0
8130.003323, 10.002129, 7961, 7902, 59
8140.001221, 9.997898, 8713, 8713, 0
8150.003742, 10.002521, 9118, 9078, 40
8160.001201, 9.997459, 9121, 9086, 35
8170.001146, 9.999945, 3018, 3018, 0
8180.00132, 10.000174, 10403, 10403, 0
8190.001602, 10.000282, 6852, 6835, 17
8200.001202, 9.9996, 7833, 7680, 153
8210.001462, 10.00026, 10110, 9933, 177
8220.001237, 9.999775, 4724, 4722, 2
8230.001548, 10.000311, 8664, 8664, 0
8240.001251, 9.999703, 8197, 8171, 26
8250.005693, 10.004442, 5359, 5346, 13
8260.001209, 9.995516, 7800, 7760, 40
8270.002017, 10.000808, 11102, 10999, 103
8280.001513, 9.999496, 6403, 6308, 95
8290.001465, 9.999952, 4257, 4245, 12
8300.001345, 9.99988, 10069, 9968, 101
8310.001152, 9.999807, 8693, 8693, 0
8320.001144, 9.999992, 5151, 5151, 0
8330.001219, 10.000075, 8008, 8008, 0
8340.001228, 10.000009, 4835, 4796, 39
8350.001279, 10.000051, 6821, 6739, 82
8360.001173, 9.999894, 8741, 8664, 77
8370.001394, 10.000221, 4710, 4710, 0
8380.001197, 9.999803, 9529, 9424, 105
8390.001397, 10.0002, 6859, 6833, 26
8400.001154, 9.999757, 7900, 7840, 60
8410.001213, 10.000059, 6534, 6534, 0
8420.003905, 10.002692, 7471, 7470, 1
8430.001152, 9.997247, 3696, 3670, 26
8440.001208, 10.000056, 10387, 10252, 135
8450.001162, 9.999954, 7808, 7745, 63
8460.001553, 10.000391, 8344, 8334, 10
8470.001734, 10.000181, 7001, 6927, 74
8480.003571, 10.001837, 8643, 8583, 60
8490.001542, 9.997971, 9413, 9360, 53
8500.001229, 9.999687, 4307, 4230, 77
8510.001399, 10.00017, 7289, 7108, 181
8520.001211, 9.999812, 9790, 9621, 169
8530.001137, 9.999926, 7062, 7042, 20
8540.001222, 10.000085, 4146, 4146, 0
8550.001247, 10.000025, 7321, 7321, 0
8560.002595, 10.001348, 4748, 4629, 119
8570.001206, 9.998611, 11198, 10878, 320
8580.001265, 10.000059, 8652, 8507, 145
8590.002457, 10.001192, 3944, 3941, 3
8600.002509, 10.000052, 5928, 5830, 98
8610.001137, 9.998628, 10545, 10288, 257
8620.001233, 10.000096, 8855, 8764, 91
8630.001229, 9.999996, 6823, 6777, 46
8640.001157, 9.999928, 2703, 2660, 43
8650.001233, 10.000076, 6365, 6306, 59
8660.001152, 9.999919, 7721, 7263, 458
8670.001151, 9.999999, 9331, 9272, 59
8680.00127, 10.000119, 7412, 7400, 12
8690.001229, 9.999959, 7446, 7434, 12
8700.002399, 10.00117, 3140, 3137, 3
8710.001454, 9.999055, 5623, 5267, 356
8720.001153, 9.999699, 8036, 8036, 0
8730.00126, 10.000107, 7168, 7062, 106
8740.00122, 9.99996, 4889, 4889, 0
8750.00122, 10.0, 7623, 7549, 74
8760.001771, 10.000551, 5641, 5546, 95
8770.001237, 9.999466, 8289, 8259, 30
8780.001184, 9.999947, 9920, 9714, 206
8790.001215, 10.000031, 6364, 6297, 67
8800.001517, 10.000302, 1309, 1309, 0
8810.002174, 10.000657, 5354, 5020, 334
8820.0013, 9.999126, 4685, 4685, 0
8830.001203, 9.999903, 7854, 7771, 83
8840.001235, 10.000032, 4167, 4136, 31
8850.001136, 9.999901, 5548, 5463, 85
8860.002076, 10.00094, 8692, 8580, 112
8870.001225, 9.999149, 3068, 3046, 22
8880.001217, 9.999992, 8886, 8886, 0
8890.001161, 9.999944, 10126, 9973, 153
8900.001211, 10.00005, 7939, 7903, 36
8910.001178, 9.999967, 7885, 7446, 439
8920.001242, 10.000064, 3381, 3334, 47
8930.001218, 9.999976, 5715, 5715, 0
8940.001205, 9.999987, 8751, 8635, 116
8950.001213, 10.000008, 2547, 2547, 0
8960.001225, 10.000012, 5363, 5252, 111
8970.001195, 9.99997, 11031, 10884, 147
8980.001267, 10.000072, 7554, 7514, 40
8990.001239, 9.999972, 6727, 6658, 69
9000.001619, 10.00038, 9788, 9784, 4
9010.001688, 10.000069, 10146, 10058, 88
9020.001191, 9.999503, 2713, 2699, 14
9030.003968, 10.002777, 8565, 8310, 255
9040.001194, 9.997226, 7165, 6856, 309
9050.001277, 10.000083, 5230, 5210, 20
9060.001638, 10.000361, 8707, 8547, 160
9070.002525, 10.000887, 6613, 6528, 85
9080.001205, 9.99868, 5670, 5670, 0
9090.001211, 10.000006, 4284, 4283, 1
9100.001189, 9.999978, 10006, 9775, 231
9110.001164, 9.999975, 4384, 4331, 53
9120.001636, 10.000472, 8712, 8643, 69
9130.001193, 9.999557, 10610, 10518, 92
9140.001132, 9.999939, 8204, 8110, 94
9150.00123, 10.000098, 5190, 5165, 25
9160.002808, 10.001578, 4343, 4342, 1
9170.003962, 10.001154, 11339, 11259, 80
9180.001195, 9.997233, 9682, 9527, 155
9190.00116, 9.999965, 6284, 6284, 0
9200.001399, 10.000239, 7462, 7431, 31
9210.001236, 9.999837, 5664, 5664, 0
9220.001228, 9.999992, 6125, 5960, 165
9230.001192, 9.999964, 7516, 7480, 36
9240.00123, 10.000038, 12055, 11871, 184
9250.001166, 9.999936, 7016, 6892, 124
9260.002619, 10.001453, 10906, 10906, 0
